2.004588339229007033e+04
0.000000000000000000e+00
-1.929120793602634149e+04
-3.167415118103687746e+03
1.729466959605312150e+04
5.368955004614173959e+03
-1.468504785089745201e+04
-6.006109678527821416e+03
1.205797229756415254e+04
4.984997103413709738e+03
-9.621437829266915287e+03
-2.613059335941895370e+03
7.069369230077849352e+03
-5.395264421382112232e+02
-3.753577237183116722e+03
3.594459357397875920e+03
-7.597578023650655723e+02
-5.148771256793641442e+03
5.642396088179891194e+03
3.379657553794918385e+03
-7.762373554607557708e+03
2.479113536382761140e+03
2.995391564590416692e+03
-8.897950749831923531e+03
7.053138145027206519e+03
7.274387637311308026e+03
-9.126542744647447762e+03
4.902524309836824614e+03
-4.359570668445011506e+03
-9.133593779773877031e+03
7.544971441663316909e+03
-5.773685705304060320e+03
7.822972519394244955e+03
3.583711024703515250e+03
2.684045212397874820e+03
7.051454905620873433e+03
-5.282408143812123171e+02
6.410537725968802079e+03
-9.005766722483142530e+02
5.295244389246412538e+03
5.910133893113761587e+02
4.416864859239415637e+03
2.809951326135812451e+03
2.500555060879984012e+03
3.063516437390490864e+03
-1.280964619511420096e+03
-1.051774099075394133e+03
-2.919856434925135090e+03
-2.355382702462788529e+03
1.901515005662376552e+03
2.958433970024046630e+03
5.007039443473098004e+02
-2.441548365708387792e+03
-1.673038521489164623e+03
2.385310825702651528e+03
1.602093338136414786e+03
-2.716508806734068912e+03
-3.042124716013823331e+02
1.650785368848796224e+03
-1.938572717731414059e+03
1.656879697313847373e+03
1.630889127888431403e+03
-6.247115182802604068e+02
1.989794189290694248e+03
-1.365367415415648338e+03
1.239695383155873969e+03
-1.127727805777781214e+03
1.155871744828576993e+03
-1.438601570483810121e+02
1.401171575703460348e+03
1.146940251443058060e+03
4.503599198726669783e+02
3.320364309418437188e+00
-1.088291375758189361e+03
-5.078589336216527386e+02
8.320647442248089192e+02
3.676433013744884875e+02
-8.062764897590262763e+02
2.939816375840974274e+02
7.601086467075172095e+02
-7.236115676071356120e+02
2.129080790664093854e+02
-5.523418109948834172e+02
-4.278085373346866618e+02
-4.127708768702257771e+02
-4.952708490263101453e+02
-5.564592632119736209e+02
-1.993166488781458838e+02
-3.090441474329725224e+02
4.398935573730245210e+02
4.830734336326721632e+02
4.336754615136242563e+01
-4.116268968982467982e+02
-1.388494312427941111e+02
3.727772885289847977e+02
-1.036110140659238397e+02
5.076288119570337898e+01
3.396500230939935818e+02
-1.903354405059825751e+02
2.377290519457090454e+02
-1.552126576439657129e+02
2.214764398720787426e+02
8.426302275867051605e+01
2.258788701261890139e+02
1.686032755785836912e+02
-1.347176989682576220e+02
-1.819205681251362421e+02
6.766504538744679564e+01
9.615985164306471233e+01
-1.464512768077948408e+02
1.351545091144867570e+02
8.277423781595646801e+01
6.471792516996130473e+01
1.279966216117361597e+02
1.031128534489810704e+02
7.860038808380522823e+01
7.948600343476344676e+01
-8.576928505111631296e+01
-1.030838684847906421e+02
2.079189418664153521e+01
7.582863639968034875e+01
-5.602454758853389905e+01
4.644263343960172108e+01
7.033739402002984775e+01
4.477523269446053611e+00
7.505981100745508172e+01
4.074003291186011921e+01
5.318452387175722862e+01
4.100683927985674870e+01
-4.334581996329746545e+01
-4.516915743095927382e+01
2.804747445295941688e+01
4.790351011741982745e+00
-4.719006784110622021e+01
3.850685500280340534e+01
-1.768659787568873298e+01
3.134679503111868826e+01
-2.132498057713171491e+01
-1.374337235322614781e+01
-3.105499556445918330e+01
-2.857864737937124477e+00
3.030390537493171621e+01
-1.660187524493770539e+01
-2.165625385995053165e+01
1.091506639888741681e+01
-2.187745762581561237e+01
6.145798666578694558e+00
-2.100878083925146100e+01
-1.829434231034832692e+01
-6.964765714553199594e+00
1.357512359685607706e+01
1.101758457255917456e+01
-1.465423043075893439e+01
5.356774732887997104e+00
-1.286252528362952496e+01
-5.291670555160841616e+00
-1.198958120902198843e+01
3.132516659993463737e+00
7.406865965511184591e+00
8.184986635620260742e+00
-8.617362169891109147e+00
-4.746632376954510235e+00
2.607441557454070136e+00
-8.368961461509908162e+00
1.655344665059418796e+00
-7.639056933963749962e+00
-6.804636219888072546e+00
-1.518432081146829260e+00
5.937699731137130676e+00
1.850999711896102351e+00
-2.389532626560150863e+00
5.012916055172206953e+00
-2.911379438939723396e+00
4.011410274511468366e+00
2.971491050902597131e+00
3.276422911780729752e+00
-1.975455460394186735e+00
-3.417362122071134767e+00
3.330948483559028173e+00
-1.126470438823694131e+00
3.094318841560591782e+00
-4.918060591134839621e-01
-1.081208397958972472e-01
-2.787974932429922781e+00
-2.606267318147051718e-02
2.482849454606164130e+00
-2.211914819695479650e+00
4.933162632524953212e-02
-1.946005854492564469e+00
3.169909078826799731e-01
7.173453055693730374e-01
1.603905886130713832e+00
-1.137786542871912498e+00
-1.065134782417431758e+00
2.705444388135382905e-01
-1.365603611729101940e+00
-6.361770086664336743e-01
-1.065315312850168672e+00
-1.221924000244357378e-01
1.100748443574655955e+00
-8.399534768153563702e-01
-5.058177171861629740e-01
-6.382052827183014587e-01
-5.977235600234183099e-01
-5.091756806136525926e-01
5.877876556958383514e-01
2.668323425814503325e-01
-6.382696081580624403e-01
6.057524293596103782e-01
-1.128948893369885742e-01
2.641059543596241399e-01
-4.839574705850184233e-01
-3.664894903926017578e-01
3.169412065843810189e-01
-2.814286700905863636e-01
-3.377684800267040099e-01
-3.371921389383034096e-01
-1.971846848439815225e-01
6.205797185163496044e-02
3.480051171242884989e-01
-2.922761091997403415e-01
-9.195199079851169854e-02
-2.589665008311973216e-01
-1.033770253914100684e-01
-6.937350524125564244e-03
2.470189477055686755e-01
-1.637629290110055313e-01
-1.489250981767945847e-01
-9.479707661394319584e-02
-1.688205411255665478e-01
-1.291539129120648499e-01
1.108281124139134238e-01
2.644465771406397103e-02
-1.618767255531320948e-01
6.743209252872120474e-02
-1.242196637454401759e-01
-1.237764991321184394e-01
-3.701511283659923712e-02
1.125300243867544264e-01
-4.117082707744437048e-02
1.122174373848963125e-01
-1.552950360906997333e-02
-4.410631279367506485e-02
-9.710704576033227231e-02
8.809442396694099064e-02
1.446711770301138157e-02
7.988910787483886888e-02
1.817603095602290941e-02
-3.685070546604798242e-02
-6.640779910137104003e-02
7.372689188029464546e-02
-1.156376820279048263e-02
5.800790556431223433e-02
-3.775828059227651773e-02
-7.091403545463254021e-02
1.111647245202783754e-02
-3.241344351408770308e-03
0.000000000000000000e+00
-7.091403544442566320e-02
-1.111647244933565773e-02
5.800790556662108188e-02
3.775828058514637403e-02
7.372689187887536411e-02
1.156376819890456674e-02
-3.685070547060718266e-02
6.640779909765816280e-02
7.988910786777823902e-02
-1.817603095045386419e-02
8.809442397231587174e-02
-1.446711769317783960e-02
-4.410631278668243616e-02
9.710704576017677170e-02
1.122174373858389612e-01
1.552950360200334480e-02
1.125300243817072415e-01
4.117082707530025226e-02
-1.237764991379355778e-01
3.701511283728170509e-02
6.743209252803164522e-02
1.242196637514778601e-01
2.644465772138820253e-02
1.618767255554781903e-01
-1.291539129068967062e-01
-1.108281124194336054e-01
-9.479707661696484822e-02
1.688205411192121308e-01
-1.637629290163452878e-01
1.489250981762428594e-01
-6.937350525014773957e-03
-2.470189477035744097e-01
-2.589665008274819047e-01
1.033770253955292734e-01
-2.922761091940188072e-01
9.195199079710127121e-02
6.205797185169972807e-02
-3.480051171282411149e-01
-3.371921389423231941e-01
1.971846848417832809e-01
-2.814286700947481457e-01
3.377684800288845990e-01
-3.664894903920060676e-01
-3.169412065799750988e-01
2.641059543624833528e-01
4.839574705858211146e-01
6.057524293614728883e-01
1.128948893330752185e-01
2.668323425784965841e-01
6.382696081545783384e-01
-5.091756806168792338e-01
-5.877876556951853182e-01
-6.382052827196088574e-01
5.977235600246677549e-01
-8.399534768118614991e-01
5.058177171870440469e-01
-1.221924000203668398e-01
-1.100748443575751523e+00
-6.361770086663761647e-01
1.065315312844786755e+00
2.705444388090739727e-01
1.365603611727586486e+00
-1.137786542872174067e+00
1.065134782418005965e+00
7.173453055719303251e-01
-1.603905886125976066e+00
-1.946005854487454778e+00
-3.169909078841630090e-01
-2.211914819692863077e+00
-4.933162632930469804e-02
-2.606267318435365188e-02
-2.482849454608515583e+00
-1.081208397996837739e-01
2.787974932430977937e+00
3.094318841560842248e+00
4.918060591172240259e-01
3.330948483559920348e+00
1.126470438825212472e+00
-1.975455460393296558e+00
3.417362122067540753e+00
2.971491050900933129e+00
-3.276422911781830649e+00
-2.911379438943426656e+00
-4.011410274510323504e+00
-2.389532626560447959e+00
-5.012916055168727958e+00
5.937699731141617754e+00
-1.850999711892233446e+00
-6.804636219884558912e+00
1.518432081142259138e+00
1.655344665057220110e+00
7.639056933958409346e+00
2.607441557448647362e+00
8.368961461506730259e+00
-8.617362169892004431e+00
4.746632376956769761e+00
7.406865965512778871e+00
-8.184986635613416439e+00
-1.198958120901347790e+01
-3.132516659994730279e+00
-1.286252528362649095e+01
5.291670555153630495e+00
-1.465423043076230769e+01
-5.356774732891053326e+00
1.357512359685075687e+01
-1.101758457255414037e+01
-1.829434231034613489e+01
6.964765714555711362e+00
6.145798666579525893e+00
2.100878083925208628e+01
1.091506639889276897e+01
2.187745762581200282e+01
-1.660187524494016031e+01
2.165625385994179553e+01
-2.857864737946590239e+00
-3.030390537492791481e+01
-1.374337235322690809e+01
3.105499556445978726e+01
3.134679503112016619e+01
2.132498057713747031e+01
3.850685500280283691e+01
1.768659787569056974e+01
4.790351011746603938e+00
4.719006784109902242e+01
-4.516915743095969304e+01
-2.804747445296774799e+01
4.100683927985674870e+01
4.334581996329746545e+01
4.074003291186720332e+01
-5.318452387174328067e+01
4.477523269451938681e+00
-7.505981100745184165e+01
4.644263343959917734e+01
-7.033739402003196517e+01
7.582863639967480651e+01
5.602454758852493200e+01
-1.030838684847927738e+02
-2.079189418664085309e+01
7.948600343475865770e+01
8.576928505112098833e+01
1.031128534489870248e+02
-7.860038808379928810e+01
6.471792516996690381e+01
-1.279966216117397977e+02
1.351545091144806747e+02
-8.277423781595410901e+01
9.615985164305502053e+01
1.464512768077943861e+02
-1.819205681251374926e+02
-6.766504538743939179e+01
1.686032755785873292e+02
1.347176989682666601e+02
8.426302275867413982e+01
-2.258788701261878202e+02
-1.552126576439641781e+02
-2.214764398720720067e+02
-1.903354405059816656e+02
-2.377290519457092728e+02
5.076288119570366320e+01
-3.396500230939972766e+02
3.727772885289810461e+02
1.036110140659270087e+02
-4.116268968982416823e+02
1.388494312427928321e+02
4.830734336326665925e+02
-4.336754615137061108e+01
-3.090441474329758762e+02
-4.398935573730258284e+02
-5.564592632119763493e+02
1.993166488781474186e+02
-4.127708768702208317e+02
4.952708490263129875e+02
-5.523418109948728443e+02
4.278085373346781921e+02
-7.236115676071192411e+02
-2.129080790664114886e+02
2.939816375841046465e+02
-7.601086467075149358e+02
3.676433013744835989e+02
8.062764897590149076e+02
-5.078589336216547849e+02
-8.320647442248150583e+02
3.320364309434034045e+00
1.088291375758177310e+03
1.146940251443054649e+03
-4.503599198726640793e+02
-1.438601570483973546e+02
-1.401171575703448752e+03
-1.127727805777800540e+03
-1.155871744828544252e+03
-1.365367415415652886e+03
-1.239695383155867603e+03
-6.247115182802739355e+02
-1.989794189290690611e+03
1.656879697313850102e+03
-1.630889127888437542e+03
1.650785368848752341e+03
1.938572717731373814e+03
-2.716508806733986148e+03
3.042124716014205887e+02
2.385310825702629245e+03
-1.602093338136436614e+03
-2.441548365708326855e+03
1.673038521489158029e+03
2.958433970024003429e+03
-5.007039443473530014e+02
-2.355382702462746238e+03
-1.901515005662334943e+03
-1.051774099075365939e+03
2.919856434925104622e+03
3.063516437390493138e+03
1.280964619511403953e+03
2.809951326135781073e+03
-2.500555060879978100e+03
5.910133893112670194e+02
-4.416864859239437465e+03
-9.005766722483058402e+02
-5.295244389246341598e+03
-5.282408143812332355e+02
-6.410537725968812993e+03
2.684045212397807973e+03
-7.051454905620874342e+03
7.822972519394249503e+03
-3.583711024703532530e+03
7.544971441663331461e+03
5.773685705303970281e+03
-4.359570668444976945e+03
9.133593779773855204e+03
-9.126542744647433210e+03
-4.902524309836639986e+03
7.053138145027177416e+03
-7.274387637311410799e+03
2.995391564590453072e+03
8.897950749831921712e+03
-7.762373554607649567e+03
-2.479113536382694292e+03
5.642396088179948492e+03
-3.379657553794966589e+03
-7.597578023650492014e+02
5.148771256793621433e+03
-3.753577237183156740e+03
-3.594459357397859094e+03
7.069369230077877546e+03
5.395264421381718876e+02
-9.621437829266882545e+03
2.613059335941946301e+03
1.205797229756414890e+04
-4.984997103413749755e+03
-1.468504785089745928e+04
6.006109678527935102e+03
1.729466959605310331e+04
-5.368955004614214886e+03
-1.929120793602631602e+04
3.167415118103758232e+03
