   0.2200183005706196E+01
   0.4022380022032578E-01
   0.2374032296903360E-02
  -0.5923190395124553E+01
  -0.5008593129371655E+00
  -0.1326866828863094E+00
   0.1333121042483548E+01
  -0.1354646614104122E-02
  -0.6131054454050412E-02
  -0.6196490907391718E+01
   0.2171297651222394E+01
   0.5232976304366290E+00
   0.6861529441522293E+00
   0.1411254053160446E+00
   0.4835065778831876E-01
  -0.2632224743071598E+01
   0.3443530956275223E+01
  -0.6296596032737573E+01
   0.6901621264961836E+00
   0.1166011046783755E+00
   0.4145832871529850E-01
  -0.1640288735646135E+02
   0.3126843892035482E+01
   0.1217229889830461E+01
   0.6958200576057249E+00
   0.1369326386346256E+00
   0.4402929103133725E-01
   0.3550848167581814E+01
   0.7462461135320986E+01
   0.6803234387700239E+01
   0.1234590511665620E+01
   0.9991980236847560E-01
   0.2370671742030958E-01
  -0.6105105162141772E+01
  -0.1713024980257968E+01
  -0.5014133508156915E+00
   0.1934286017292725E+01
   0.2936022119879580E+00
   0.5130312035675492E-01
  -0.7136868489111149E+01
   0.1259615540174749E+01
   0.2541216783189907E+00
   0.2366680114808808E+01
   0.3625457789626918E+00
   0.5319539878717221E-01
  -0.7787212256607141E+01
   0.1148973735253122E+01
   0.2199000071844338E+00
   0.2308765627928623E+01
   0.4049882655301444E+00
   0.6104554827222090E-01
  -0.5834668051466979E+01
   0.1347220733691044E+00
   0.2541028564751574E-01
   0.1805439735653710E+01
   0.3639383626690723E+00
   0.6840235055983616E-01
  -0.9027682972919294E+01
   0.1442827156402991E+01
   0.3739237223490530E+00
   0.8439988495445412E+00
   0.1798440509183985E+00
   0.5836695319250900E-01
  -0.1025258728448925E+02
  -0.2658534574952794E+01
  -0.7995981296484498E+00
   0.7902369188840310E+00
  -0.9877632654289820E-01
  -0.5672883320251167E-01
  -0.2779812517539973E+01
  -0.8631061940321139E+01
  -0.5810582503243967E+01
   0.7989087875244302E+00
  -0.1114294529456161E+00
  -0.8540706274469594E-01
  -0.2340831074649440E+01
  -0.6084485526305385E+01
   0.4481771851470175E+00
   0.9612648000489646E+00
   0.1828270143426165E+00
   0.5425770579073592E-01
  -0.1041028998092525E+02
  -0.1820613492903876E+01
  -0.4786788411512997E+00
   0.1782940029126917E+01
   0.3614770199939523E+00
   0.6851155555334711E-01
   0.1218988278934891E+01
  -0.3573630784676409E+01
  -0.9327304682567783E+00
   0.2312193338116256E+01
   0.6765538170544922E+00
   0.1033185316223421E+00
  -0.6730937761293402E+01
  -0.9618715160965400E+00
  -0.5135215495580771E-01
   0.2197335220780038E+01
   0.5966359431564693E+00
   0.9509368222437214E-01
  -0.7378932200492040E+01
  -0.1351830185393481E+01
  -0.9816900883434847E-01
   0.2052441070532028E+01
   0.6616020370948884E+00
   0.1103155241959663E+00
  -0.3360631774145764E+01
   0.3580441631507022E+00
  -0.2823096963172876E-01
   0.1357405676357071E+01
   0.5318131743832312E+00
   0.1239661354911456E+00
  -0.5510186009394765E+01
  -0.1355456155786975E+01
  -0.3764388330825895E+00
   0.5513427412328349E+00
   0.2222399027492297E+00
   0.7687803150039399E-01
  -0.6312898509209403E+01
  -0.4182198486934891E+00
  -0.8069894564724072E+00
   0.7884568353082930E+00
   0.3813926995473872E+00
   0.1381404702217569E+00
  -0.5954893094485441E+01
   0.2261891990719644E+01
  -0.5938070188263652E-01
   0.5743002680415440E+00
   0.2361862641650247E+00
   0.8102911893317188E-01
  -0.1953982314149186E+01
  -0.1255081860237996E+01
  -0.1121621708175732E+01
   0.1262154142374632E+01
   0.4333546976076825E+00
   0.1063712519709197E+00
  -0.6401294002005718E+01
  -0.1701114544090477E+01
  -0.4162232659363792E+00
   0.2149483356281178E+01
   0.9263204901811499E+00
   0.1465978198230897E+00
  -0.1373975078441607E+01
  -0.2699087974873005E+01
  -0.6065060478642015E+00
   0.2109089995187677E+01
   0.9238884083019544E+00
   0.1488985631249290E+00
  -0.1114232156743916E+02
  -0.1807107010472093E+01
   0.1965935353489699E+00
   0.2055675087397936E+01
   0.8221976892830584E+00
   0.1347011951371525E+00
  -0.3940075308280697E+01
  -0.2567902953218142E+01
  -0.4289361758299561E+00
   0.1484618297667287E+01
   0.6891608379614707E+00
   0.1465818354726744E+00
  -0.5584108909700332E+01
  -0.2427627816844694E+01
  -0.4888510965203242E+00
   0.5973663641017813E+00
   0.3660226247244732E+00
   0.1089762728355045E+00
  -0.9749090762239440E+01
   0.1034500339140838E+01
  -0.8729336926892424E+00
   0.4045464363096860E+00
   0.5193026911856221E+00
   0.2114730638465991E+00
  -0.8027957298604637E+01
  -0.4212101917801058E+00
  -0.2971568600295095E+01
   0.6751529417316651E+00
   0.3485423559826346E+00
   0.1236548572358006E+00
  -0.6185839145645704E+01
  -0.5426378734315567E+01
  -0.3280593185994001E+01
   0.9146090257886769E+00
   0.6110314079755498E+00
   0.1787005174610104E+00
  -0.7058885655134416E+01
  -0.5245738601861758E+01
  -0.1321282712198691E+01
   0.1663435416145121E+01
   0.1002625232980728E+01
   0.1873616986850882E+00
  -0.1603337123293482E+01
  -0.9660071462754839E+01
  -0.1700779912071545E+01
   0.2026393341783824E+01
   0.1226785173888668E+01
   0.1935490930297477E+00
  -0.4560617356287263E+01
  -0.6146149058901428E+01
  -0.7228339786401893E+00
   0.2038287048774521E+01
   0.1203154066722606E+01
   0.1898587812457211E+00
  -0.7552187814726230E+01
  -0.1087895970202502E-01
   0.2179736700934603E+00
   0.1665677748124212E+01
   0.9945763399896540E+00
   0.1859743981163844E+00
  -0.6951905860762450E+01
   0.5507760067821195E+01
   0.9423343247834673E+00
   0.9359188754886920E+00
   0.5228434358549625E+00
   0.1555255652137397E+00
  -0.8243930784310384E+01
  -0.2871707259880302E+01
  -0.6765285351225977E+00
   0.7173035756538749E+00
   0.3481658083940671E+00
   0.1321900737034212E+00
  -0.1538829002756646E+01
  -0.7950098845376512E+00
   0.1256133179163447E+01
   0.6469610085701492E+00
   0.4376738548986557E+00
   0.1571786144893008E+00
   0.1687070048599771E+01
   0.6853690829272472E+00
   0.2243263831948839E+01
   0.5278641835939832E+00
   0.3875853397293338E+00
   0.1107792710078579E+00
  -0.6466833269779765E+01
  -0.8562454535929215E+01
  -0.5136672347385550E+01
   0.1263914375655876E+01
   0.9824167692197003E+00
   0.2178517300626665E+00
  -0.6052049091230939E+01
  -0.3096409141318798E+01
  -0.4826602898123623E+00
   0.1687983706654871E+01
   0.1420743753260924E+01
   0.2388918812234437E+00
  -0.4223223207414481E+01
  -0.1660469590998724E+01
  -0.2335122693663115E+00
   0.1821954130361521E+01
   0.1424845817470465E+01
   0.2303971645532460E+00
  -0.6088818302993727E+01
  -0.8616061734928099E+01
  -0.1016522475012228E+01
   0.1833229742230382E+01
   0.1458076874258387E+01
   0.2341158348395806E+00
  -0.5334004581642857E+01
   0.1236205703067384E+01
   0.4175934943439762E+00
   0.1001194940217931E+01
   0.8981393262570491E+00
   0.2258497674511536E+00
  -0.5201498910810293E+01
  -0.4863235548931992E+01
  -0.1093908514138572E+01
   0.5170128011058958E+00
   0.5523004045178113E+00
   0.2240182607251975E+00
  -0.3238240332070582E+01
   0.2450972653253778E+01
   0.5893414752287922E+00
   0.6219849870385812E+00
   0.3916148729199226E+00
   0.1525559777834175E+00
  -0.2618648585780120E+01
  -0.8075834507218740E+01
  -0.6752696410078425E+01
   0.3314868662602509E+00
   0.5725702234922796E+00
   0.1828576404587728E+00
  -0.1288633644602211E+02
   0.1406575632777112E+01
  -0.5248274691643328E+00
   0.1095713160347631E+01
   0.9714308458261963E+00
   0.2331032086112826E+00
  -0.3457018638420631E+01
  -0.2971795892404198E+01
  -0.8247698955995418E+00
   0.1530239776278117E+01
   0.1491641353932964E+01
   0.2588057936834539E+00
  -0.2266253324617129E+01
  -0.2495533019670862E+01
  -0.5144685677784119E+00
   0.1561274676882329E+01
   0.1671123747970213E+01
   0.2735699989827408E+00
  -0.5179106717717177E+01
  -0.4698908709888308E+01
  -0.3798311754135646E+00
   0.1687503267757754E+01
   0.1717594471100451E+01
   0.2697557092604417E+00
  -0.5187435325531899E+01
  -0.4883452994298890E+01
  -0.3782337577845323E+00
   0.1184193919129390E+01
   0.1463170461685104E+01
   0.2840199834442219E+00
  -0.2486783053297467E+01
  -0.1034203968152004E+01
  -0.4640890696381264E+00
   0.5424946764214709E+00
   0.6917810790813460E+00
   0.2367793472426575E+00
  -0.8681142573372462E+01
  -0.7582578991404310E+01
  -0.1939697903294193E+01
   0.2512115240129578E+00
   0.6878941608992739E+00
   0.2472378426760629E+00
  -0.7729450396128705E+01
   0.3215530047284794E+01
  -0.3819207359360685E+01
   0.1984176509135348E+00
   0.6476033669744989E+00
   0.2197160995370576E+00
  -0.9471612901926871E+01
  -0.6226827496865696E+00
  -0.4135446341178776E+01
   0.5895095850247027E+00
   0.7583517538389023E+00
   0.2473361911989838E+00
  -0.6932313590012066E+01
  -0.6378304137621286E+01
  -0.1717924979964218E+01
   0.1155284308396970E+01
   0.1359404010977886E+01
   0.2745358784006216E+00
  -0.4082259144598210E+01
  -0.4249650983710660E+01
  -0.7175386718587795E+00
   0.1425522698947099E+01
   0.1850952681591015E+01
   0.2984911846225811E+00
  -0.3862788597969125E+01
  -0.6055875864460381E+01
  -0.5261233451871280E+00
   0.1404203287355954E+01
   0.1932424268863067E+01
   0.3063988408628641E+00
  -0.4718587873749874E+01
  -0.4573054220588886E+01
  -0.3280640243134796E+00
   0.1178140842665485E+01
   0.1639846259498367E+01
   0.2998869090285737E+00
  -0.2893502933299329E+01
  -0.4379125800757793E+01
  -0.6515963751222322E+00
   0.6687872577845289E+00
   0.1015531525497625E+01
   0.2797930070813156E+00
  -0.5171338981846285E+01
  -0.5994184054135723E+01
  -0.1335086156852641E+01
   0.3431487503635430E+00
   0.7644196133159336E+00
   0.2613228748597078E+00
   0.1345075803618089E+00
  -0.4582864088890105E+01
  -0.3649132999553168E+01
   0.2433903121712722E+00
   0.6490648695269027E+00
   0.2411095055207823E+00
  -0.7956628664961041E+01
  -0.5709292100926418E+01
  -0.4230482080153778E+00
   0.3279948221988315E+00
   0.5269283298252166E+00
   0.1646660476633479E+00
   0.6256860096890526E+00
  -0.8336895647213678E+01
  -0.3118155771272901E+01
   0.7113570787008676E+00
   0.1389404166758352E+01
   0.3166681784634975E+00
  -0.2461842021624888E+01
  -0.5813410587695728E+01
  -0.1117873308017333E+01
   0.1121923336915861E+01
   0.1949721344044749E+01
   0.3252950939075686E+00
  -0.2951199714073454E+01
  -0.2355621376700232E+01
  -0.3980312697041091E+00
   0.1136848155694830E+01
   0.2054879866425463E+01
   0.3316827671695014E+00
  -0.5547051602607007E+01
  -0.8743424585596307E+01
  -0.4706469252357811E+00
   0.1076447378285610E+01
   0.2004599580056367E+01
   0.3313565013026102E+00
  -0.9976196544343340E+00
  -0.3777188550877234E+01
  -0.5916152569554127E+00
   0.7680327442274175E+00
   0.1306786082194196E+01
   0.3049317053188995E+00
  -0.4057537907891023E+01
  -0.4225840888813171E+01
  -0.8809727134868915E+00
   0.3136827373089893E+00
   0.5537546683900495E+00
   0.1644707051301580E+00
  -0.1443426050381018E+00
   0.2169391413054729E+01
  -0.6092305211969375E+01
   0.2472699233209651E+00
   0.6874292172440648E+00
   0.2407568421018260E+00
   0.9661708188193501E+01
  -0.1208703858374139E+01
   0.3981750714974611E+01
   0.2948164743929798E+00
   0.7207424334399954E+00
   0.2547198703960651E+00
  -0.4935848895254600E+01
   0.1510033588818328E+01
   0.5318163949262423E-01
   0.4215337157639955E+00
   0.1051206867013753E+01
   0.3088800555198615E+00
  -0.4827142354115998E+01
  -0.8490931133835858E+01
  -0.1703961763496209E+01
   0.6434428464043471E+00
   0.1782550954368964E+01
   0.3438638549456877E+00
  -0.4820385852947287E+01
  -0.5747512665573814E+01
  -0.8099370023984706E+00
   0.8341867027507446E+00
   0.2202344589748079E+01
   0.3543789684945891E+00
  -0.6002732261118664E+01
  -0.6183261391395542E+01
  -0.3587994751888179E+00
   0.8760618405624429E+00
   0.2207996488760488E+01
   0.3528146423352715E+00
  -0.8770056240863908E-01
  -0.6011366788390715E+01
  -0.5808291055044964E+00
   0.7114375675850299E+00
   0.1828162314933424E+01
   0.3472335864636110E+00
  -0.1078795760765867E+01
  -0.3165787484398310E+01
  -0.5345385249644409E+00
   0.2649024267249789E+00
   0.8019203464588189E+00
   0.2799922078479033E+00
  -0.3157576563419954E+01
  -0.1320678738943973E+02
  -0.3547634482101538E+01
   0.3377423590179754E+00
   0.6787331723078958E+00
   0.2547443539349920E+00
  -0.5906468449881349E+01
   0.8876319675815991E+00
  -0.2012045526171130E+01
   0.2757930893161776E+00
   0.6810066016127519E+00
   0.2602730771052302E+00
  -0.1093175453067150E+02
   0.3319720831429178E+01
  -0.3941915657836101E+01
   0.3159102831530924E+00
   0.9399110317352856E+00
   0.3050563129858185E+00
  -0.2825032964247228E+01
  -0.9081260277789733E+01
  -0.2552848917870052E+01
   0.5205865554275571E+00
   0.1702940032956754E+01
   0.3480540727645663E+00
   0.3745490955984224E-01
  -0.3868905471780955E+01
  -0.9561260680598922E+00
   0.5664402716839860E+00
   0.2334112050929755E+01
   0.3718183980110646E+00
  -0.2417195749806814E+01
  -0.6114900230991920E+01
  -0.4524606121793787E+00
   0.5658503050487489E+00
   0.2194481276183841E+01
   0.3645103717288198E+00
  -0.2706647201430214E+01
  -0.7700845513861896E+01
  -0.5512696027826456E+00
   0.4486672280376173E+00
   0.2134865289441095E+01
   0.3666272610859098E+00
  -0.1767990283940652E+01
  -0.2340631905304850E+01
  -0.5776052682446960E+00
   0.2004347707094926E+00
   0.1417323787548963E+01
   0.3475781612274629E+00
  -0.8677490452711247E+00
  -0.6624996158122320E+01
  -0.1382054508237473E+01
   0.8271677632096226E-01
   0.7345121974867782E+00
   0.2618615589884394E+00
  -0.9772665084164369E+00
  -0.3902569412736966E+01
  -0.4345557380233208E+01
   0.3110453148215065E-01
   0.7611539150063408E+00
   0.2710646762966256E+00
   0.7114379357141748E-01
  -0.6025408236741529E+01
  -0.4547965761151318E+01
  -0.4272112006086803E-01
   0.6058308927730914E+00
   0.2126281895565444E+00
  -0.7352524598020098E+01
   0.2610367887968444E+01
   0.8811902462128590E+00
   0.2592115127672872E+00
   0.1330322772411227E+01
   0.3402850986943488E+00
  -0.2437942656467723E+01
  -0.5522195653968631E+01
  -0.1329217630775672E+01
   0.2548681681422217E+00
   0.2304445976196150E+01
   0.3785867297071161E+00
  -0.5376789421519965E+01
  -0.2489090251733457E+01
  -0.2842494934931163E+00
   0.2737754414949986E+00
   0.2269258684875224E+01
   0.3771593850901093E+00
   0.3820344833873965E+01
  -0.1116574773395175E+02
  -0.7317274708704107E+00
   0.2985380863865887E+00
   0.2228285791276987E+01
   0.3713219487058723E+00
   0.1819456190431302E+00
  -0.4280246263447984E+01
  -0.7072118822684373E+00
   0.1308886997640593E+00
   0.1666996587322969E+01
   0.3608556860035905E+00
  -0.8832475794670117E+00
  -0.5441890416027761E+01
  -0.1013032532179199E+01
   0.8194430913872291E-01
   0.6801420032926498E+00
   0.2480777560072304E+00
   0.8965491061490203E+01
  -0.1401352912599401E+02
  -0.8208818475164373E+01
  -0.1843133552426661E+00
   0.7612582717139235E+00
   0.2796141068050202E+00
  -0.1825946982958810E+00
  -0.7201537771290541E+01
  -0.3777517241032910E+01
   0.1035194644657990E+00
   0.7473603331349681E+00
   0.2518951242567499E+00
   0.1375571091579485E+01
  -0.6052735240297435E+01
  -0.2445708833665374E+00
  -0.6713126226274861E-01
   0.1121444181394537E+01
   0.3321199308775332E+00
   0.5246723897927797E+00
  -0.8812047336898008E+01
  -0.2039027359840972E+01
  -0.6616760233245611E-01
   0.1958148916809633E+01
   0.3715319031404525E+00
   0.1845502516906769E+01
  -0.5680737674713034E+01
  -0.7789710684370545E+00
  -0.6538329806860668E-01
   0.2369941468530845E+01
   0.3811718019635860E+00
  -0.8227114592523992E+00
  -0.6793327977511326E+01
  -0.5141839867774923E+00
  -0.2218854875090032E-01
   0.2361749117910088E+01
   0.3809797990789701E+00
   0.3954654524477528E+00
  -0.6869684846870685E+01
  -0.5230817198946170E+00
  -0.5203624641658350E-02
   0.1922274504708893E+01
   0.3706172506090124E+00
  -0.2082033316167683E+01
  -0.3857272528075787E+01
  -0.7628884743762729E+00
   0.1532725154241520E-01
   0.1032034735116058E+01
   0.3254216295762563E+00
  -0.6024235217654905E+00
  -0.9009634510776147E+01
  -0.2236032900992083E+01
   0.8128240465965259E-01
   0.6590414130198167E+00
   0.2514304009335314E+00
  -0.2048563842605724E+01
  -0.4470979673690818E+01
  -0.5669343291359072E+01
   0.2276645157682461E+00
   0.7202679383126477E+00
   0.2490776098457006E+00
   0.7251208661049485E+01
  -0.5407799340796148E+01
  -0.3004187499801418E+01
  -0.1002774249210406E+00
   0.5903527637313644E+00
   0.2509776703744351E+00
   0.5331447643576110E+00
  -0.1218513771112269E+02
  -0.6235166644034224E+01
  -0.2479850044430260E+00
   0.1515067923633622E+01
   0.3545996362365876E+00
  -0.1115841258608627E+01
  -0.9713132776524713E+01
  -0.1315871198714724E+01
  -0.3894666092997897E+00
   0.2178510340719939E+01
   0.3717607086046699E+00
   0.5099389158212338E-03
  -0.3770044342715583E+01
  -0.5749772436544054E+00
  -0.3383250732905551E+00
   0.2292264862071228E+01
   0.3766083197071466E+00
   0.5226992189007536E+01
  -0.1188156015089375E+02
  -0.1158525855269111E+01
  -0.3470636672213416E+00
   0.2306737623119422E+01
   0.3772751890922414E+00
  -0.4588541975444396E+01
  -0.2367912449991805E+01
   0.4320030998105803E-01
  -0.2567407173149613E+00
   0.1452465726981813E+01
   0.3491165403152303E+00
   0.1426523673288205E+01
  -0.4977220108156521E+01
  -0.1175131585550000E+01
  -0.3538377631780868E-01
   0.6175173676013752E+00
   0.2208725961371651E+00
   0.3323659459653087E+01
  -0.4857327052756694E+01
  -0.4615997726262687E+01
  -0.2693633811246431E+00
   0.6848691560169108E+00
   0.2509057778544298E+00
  -0.7351942415905060E+01
  -0.9057260716167775E+01
  -0.2899315629537310E+01
  -0.3294875279701328E+00
   0.5991558373187136E+00
   0.1981037822390083E+00
  -0.1076591764710563E+02
   0.3145979052017108E+01
  -0.4066984299152222E+01
  -0.2798883192440487E+00
   0.1342616652398938E+01
   0.3400012102601022E+00
   0.2590775167898616E+01
  -0.3738817200196921E+01
  -0.1277505165441871E+01
  -0.5335208025419189E+00
   0.2046159546656765E+01
   0.3635556784199362E+00
   0.1081426031374137E+01
  -0.3501573995672478E+01
  -0.6239079095802146E+00
  -0.6809000250299577E+00
   0.2196656494665862E+01
   0.3638664560734224E+00
   0.1529777396682353E+01
  -0.6190672157057801E+01
  -0.5027065150519363E+00
  -0.6533611802276670E+00
   0.2312490641375304E+01
   0.3691026493527821E+00
   0.1600325001640774E+01
  -0.7445859922945315E+01
  -0.5111059047195489E+00
  -0.6961762158252179E+00
   0.1733430425910695E+01
   0.3440998727250113E+00
  -0.4981001619764384E-01
  -0.3644852516872089E+01
  -0.8390708070483215E+00
  -0.3247054123445232E+00
   0.8584181342721749E+00
   0.2939502013000612E+00
   0.2350622728951286E+01
  -0.8496719025875061E+01
  -0.2469438266187324E+01
  -0.3852520440353804E+00
   0.6014804498601560E+00
   0.2281154420660606E+00
   0.1668537144032392E+01
  -0.5562557643307247E+01
  -0.3874694592319565E+01
  -0.3746670835405018E+00
   0.6013438900320185E+00
   0.2256635327979381E+00
   0.3909179933013869E+01
  -0.8899680207113658E+01
  -0.4125815112238993E+01
  -0.2998809243045365E+00
   0.8282701043663575E+00
   0.2903260329325130E+00
   0.5203648651926533E+01
  -0.1428391159559338E+02
  -0.3489745655523801E+01
  -0.5691531558667298E+00
   0.1699640667545733E+01
   0.3486051085613963E+00
   0.2160343790953792E+01
  -0.4650982276588782E+01
  -0.7958160378849615E+00
  -0.9163344467582960E+00
   0.2159030007624159E+01
   0.3518373785318921E+00
   0.5938965179761141E+01
  -0.6811017872941473E+01
  -0.3874754588819751E+00
  -0.9599612860837970E+00
   0.2171043486251898E+01
   0.3507552994286732E+00
  -0.7774762114504795E+00
  -0.5923299886285920E+01
  -0.5481656475278741E+00
  -0.8603598351236001E+00
   0.1861892230806914E+01
   0.3414623111514781E+00
   0.1924446916600937E+01
  -0.4276454577180964E+01
  -0.6110404608677529E+00
  -0.5572571942705002E+00
   0.1122282651893706E+01
   0.3084840422787064E+00
   0.2742777939499606E+01
  -0.6638191824945396E+01
  -0.1516431397481496E+01
  -0.3617421397893070E+00
   0.6889863831641585E+00
   0.2269383219555192E+00
  -0.3889919177292029E+00
   0.1730758550944451E+01
  -0.5864379075548051E+01
  -0.3293631715708343E+00
   0.6406544189547509E+00
   0.2511488205308232E+00
   0.1091206221051726E+02
  -0.1220659682832256E+01
  -0.3203426159088992E+00
  -0.2325463423388728E+00
   0.6400613320240273E+00
   0.2256162122075836E+00
  -0.9316458686007821E-01
  -0.1062101553986927E+01
  -0.2171662060101685E+01
  -0.8544556875082582E+00
   0.1335997931417355E+01
   0.3061561557275380E+00
   0.3206525981949171E+01
  -0.4983980770083459E+01
  -0.9154567604365557E+00
  -0.1124894246835525E+01
   0.1932827162428746E+01
   0.3287187547952275E+00
   0.2475203061272520E+01
  -0.3512588090382420E+01
  -0.4398034134803637E+00
  -0.1217861901324440E+01
   0.2003981784361734E+01
   0.3284384705402958E+00
   0.5075881882318393E+01
  -0.9501821920400038E+01
  -0.5058888605327616E+00
  -0.1208579361400674E+01
   0.1945717439064703E+01
   0.3242486245041772E+00
   0.1143467076602856E+01
  -0.2392705486081729E+01
  -0.4364240181172419E+00
  -0.7294885141064005E+00
   0.1293249809495201E+01
   0.3121727914028206E+00
   0.3052368337818740E+01
  -0.5454819471884409E+01
  -0.1015082692320207E+01
  -0.2761161138804208E+00
   0.6477340487261755E+00
   0.2229331645125917E+00
  -0.2662150123041172E+01
   0.3163347386619782E+01
   0.7931842798575334E+01
  -0.2705189447243453E+00
   0.7086359282492108E+00
   0.2431019573484272E+00
   0.8947174919580190E+01
   0.8522507855390892E+01
   0.9764179600937717E+00
  -0.2673872187665496E+00
   0.6358433959189156E+00
   0.2400128905870910E+00
   0.1070121708973361E+02
  -0.5602583473121661E+01
  -0.9706336275681375E+01
  -0.6570436366550626E+00
   0.7954812249756350E+00
   0.2558187437704241E+00
   0.1197620149764645E+02
  -0.1227484219952063E+02
  -0.2271705618642581E+01
  -0.1215607850797022E+01
   0.1431003217076627E+01
   0.2828995634523206E+00
   0.2823326035802716E+01
  -0.5229297280334697E+01
  -0.7478208317009154E+00
  -0.1500436792270835E+01
   0.1813870905369983E+01
   0.2963262370365304E+00
   0.4191464530762939E+01
  -0.4331867612996406E+01
  -0.3045567533676885E+00
  -0.1478741116225495E+01
   0.1864311909342847E+01
   0.3016892671687328E+00
   0.3541744679168714E+01
  -0.6832188424580718E+01
  -0.5232053614309492E+00
  -0.1235576737408742E+01
   0.1561984164838366E+01
   0.2966537680569871E+00
   0.2366555417364968E+01
  -0.3456560720211562E+01
  -0.5579065622845152E+00
  -0.6427885376095648E+00
   0.8042506607670853E+00
   0.2566321030987799E+00
   0.1569923359845158E+01
  -0.4871985834568313E+01
  -0.1310079859498107E+01
  -0.2696759874449550E+00
   0.6318907342427825E+00
   0.2217488105396355E+00
   0.9228625452663485E+01
  -0.2785021791292685E+01
   0.1215681220561639E+01
  -0.2158938741418825E+00
   0.6923223921603218E+00
   0.2410844218376859E+00
   0.8635301962545068E+01
  -0.5997324849192948E+01
  -0.9188868742228914E+01
  -0.5831033045519868E+00
   0.7142612478402175E+00
   0.2416237027734083E+00
   0.6707287542728212E+01
  -0.3594643100772107E+01
  -0.1377548465018559E+01
  -0.1208881290463404E+01
   0.1264073058035049E+01
   0.2663765118270102E+00
   0.3487237057974522E+01
  -0.2527182582324911E+01
  -0.5387323930968261E+00
  -0.1731098412551136E+01
   0.1651257526696081E+01
   0.2684660057821983E+00
   0.4013011756963348E+01
  -0.4768303423058731E+01
  -0.3506824082818364E+00
  -0.1632212201097939E+01
   0.1562845805682060E+01
   0.2637425091651081E+00
   0.5569989869874038E+01
  -0.7041034563093161E+01
  -0.5376962114474002E+00
  -0.1644637037329850E+01
   0.1466127915850551E+01
   0.2537068547229069E+00
   0.9898769730302456E+00
  -0.2273625175362991E+01
  -0.5002334619134089E+00
  -0.1093688468581810E+01
   0.8805865767040235E+00
   0.2243541375404052E+00
   0.7193096778516337E+01
  -0.2455674887740118E+01
  -0.3181103556292799E+00
  -0.3994383352502452E+00
   0.4432814255908475E+00
   0.1603212587334932E+00
   0.6673104279271292E+01
  -0.2675246979706825E+01
  -0.3571365670182821E+01
  -0.7006776247127120E+00
   0.4300136342859947E+00
   0.1468249541695690E+00
   0.6510288421982046E+00
  -0.5417839836309637E+01
  -0.2820914538932158E+01
  -0.4284987775901034E+00
   0.4414316098675325E+00
   0.1676120321466097E+00
   0.4729754629538802E+01
  -0.3787407741368589E+00
   0.1233895330455602E+00
  -0.1048413340622070E+01
   0.9042297322715446E+00
   0.2327916475371250E+00
   0.2127604561677593E+01
  -0.5793119317045247E+01
  -0.1402039040822928E+01
  -0.1781437160739784E+01
   0.1369227742162593E+01
   0.2334342764655631E+00
  -0.1062059359441101E+01
  -0.1037601384829174E+01
  -0.4797928258162455E+00
  -0.1805947189850774E+01
   0.1364160185873261E+01
   0.2310084316294565E+00
   0.1133053769059409E+02
  -0.3734203862551978E+01
   0.1028809442580399E+00
  -0.1907538676666557E+01
   0.1365153990108099E+01
   0.2270375785959996E+00
   0.4690212881735196E+01
  -0.4828131681241307E+01
  -0.3299111512047300E+00
  -0.1413346701455720E+01
   0.9549147262189295E+00
   0.2084888543432703E+00
   0.3725704289193795E+01
  -0.3242213385997918E+01
  -0.5868559448054522E+00
  -0.6275051796037842E+00
   0.4212943511572518E+00
   0.1720863526606410E+00
   0.1174314545784705E+02
  -0.6739549869722556E+01
  -0.1435876808141066E+01
  -0.6356972601023303E+00
   0.2765999906575120E+00
   0.1144312303799887E+00
   0.9074087783654434E+01
   0.4636943098274725E+00
   0.4107977015228942E+00
  -0.6909002056629208E+00
   0.4206369588212391E+00
   0.1698200313757029E+00
   0.6377630117379725E+00
  -0.9083310375407169E+01
  -0.6153401071319196E+01
  -0.1011502882677489E+01
   0.5411079665850193E+00
   0.1636714064832281E+00
   0.7209271616447714E+01
  -0.3622952708940311E+01
  -0.7954831523696629E+00
  -0.1757777616042002E+01
   0.9184563505626332E+00
   0.1769388585085863E+00
   0.4498949498595532E+01
  -0.2097698017569822E+01
  -0.2562562737396696E+00
  -0.2059762655784340E+01
   0.1153160644119382E+01
   0.1900177805180784E+00
   0.4836116123213317E+01
  -0.4166567598041387E+01
  -0.3755561746512968E+00
  -0.2094133190454049E+01
   0.1122027492310449E+01
   0.1840790018718206E+00
   0.6797337628473473E+01
  -0.2748726340054300E+01
  -0.8271781552931208E-01
  -0.1640656124393141E+01
   0.9519566942128272E+00
   0.1900441587994164E+00
   0.3931695877135638E+01
  -0.2574452748803943E+01
  -0.3779927210477176E+00
  -0.8701840110406149E+00
   0.5017301554572355E+00
   0.1677349959892313E+00
   0.8922990424944611E+01
  -0.4812862686979322E+01
  -0.1010324606356848E+01
  -0.6804336666758538E+00
   0.2481226847622750E+00
   0.1061430508858841E+00
   0.3852464205178079E+01
  -0.8082466587560077E+00
   0.1924796922580888E+00
  -0.6514263131782759E+00
   0.3639046928279309E+00
   0.1286542520810546E+00
  -0.6915692213945439E+01
  -0.2192025029800473E+01
   0.3367617452825554E+00
  -0.4776603483040408E+00
   0.2293595239722873E+00
   0.8195867885405038E-01
   0.1033646520638274E+02
  -0.1372339572083881E+00
  -0.1522374135810642E+01
  -0.1374979105666573E+01
   0.5086449165198400E+00
   0.1258390903031799E+00
   0.6937712030275579E+01
  -0.3082330324366702E+01
  -0.5088554461359939E+00
  -0.2102401066481071E+01
   0.7706901626704916E+00
   0.1341440714536295E+00
   0.2347397105050201E+01
   0.2244533261403748E+00
   0.2175271351999954E-01
  -0.2180110020485977E+01
   0.8403614748652933E+00
   0.1414181722962046E+00
   0.1102303395890397E+02
  -0.4364697358289123E+01
  -0.1834485174981982E+00
  -0.2141573196057238E+01
   0.8262402665823911E+00
   0.1406120746515911E+00
   0.2524639621321935E+01
  -0.3798770821469247E+01
  -0.5404553925264305E+00
  -0.1485993237721151E+01
   0.5634874320087346E+00
   0.1338188967786596E+00
   0.4527956619379570E+01
  -0.2430899095420931E+01
  -0.4350374835166438E+00
  -0.6922618850614236E+00
   0.3451296209751413E+00
   0.1232284418593979E+00
   0.5978747555272457E+00
   0.5777266705878302E+01
  -0.3467540029461554E-01
  -0.6496653294586261E+00
   0.3758357755281633E+00
   0.1437996165950698E+00
   0.1202627628808074E+02
  -0.6584411916099056E+00
  -0.2256928363414000E+01
  -0.6492891155796381E+00
   0.3101043480792721E+00
   0.1241783514864168E+00
  -0.2305976847058284E+01
   0.1359063141608447E+01
  -0.5513336898503345E+00
  -0.1260982369823068E+01
   0.3802419934103686E+00
   0.1039101111688204E+00
   0.5803734314324247E+01
  -0.9334257798114790E+00
  -0.1959246563186120E+00
  -0.2020949146201354E+01
   0.5356032482920808E+00
   0.9989029317850974E-01
   0.3853692735823506E+01
  -0.1155139654596601E+01
  -0.1500186860431160E+00
  -0.2264503366966227E+01
   0.5054488643644746E+00
   0.8743054709773376E-01
   0.5312712628634321E+01
  -0.1124185194149162E+01
  -0.4129559055875077E-01
  -0.2325379892212301E+01
   0.5698752156557634E+00
   0.9536974566108405E-01
   0.7828324142898041E+01
  -0.2978602931646713E+01
  -0.2277248923432650E+00
  -0.1820817775910611E+01
   0.2420287623968802E+00
   0.5300862161748683E-01
   0.3844734017457831E+01
  -0.2002779826586337E+01
  -0.3518647961231990E+00
  -0.9243951920736059E+00
   0.1256342389216820E+00
   0.4842338227309156E-01
   0.1015154819431407E+02
  -0.1570309190508095E+01
  -0.3542171259375018E+00
  -0.7506431698574523E+00
   0.1005449776940740E+00
   0.3786712324994598E-01
   0.2055227827218787E+01
  -0.3423322015319228E+01
  -0.1422781249610770E+01
  -0.7507393814941097E+00
   0.1131278663591800E+00
   0.4240162428603671E-01
   0.1740629728396146E+01
  -0.1327042718650750E+01
  -0.8396295292230443E+00
  -0.9027466458506928E+00
   0.1807531484153236E+00
   0.6771731435581729E-01
   0.9992749128239179E+01
  -0.2260229473251386E+01
  -0.5751754907068541E+00
  -0.1788024643563142E+01
   0.3686455169667273E+00
   0.7941614945283897E-01
   0.4409956095233963E+01
  -0.4892349641133411E-01
   0.5732573532646493E-01
  -0.2373875370292400E+01
   0.2387644730493605E+00
   0.4261489584018414E-01
   0.8969782498199837E+01
  -0.1422600694197179E+00
   0.1221658320464650E+00
  -0.2315605412203336E+01
   0.2724938316441188E+00
   0.4874471731579630E-01
   0.4584971968933561E+01
  -0.1803097654411923E+01
  -0.1973282633845114E+00
  -0.2072979191507118E+01
   0.1666014495801592E+00
   0.3524146400808353E-01
   0.4152691675173457E+01
  -0.7397457434373952E+00
  -0.5813402172772721E-01
  -0.1298603021166330E+01
   0.6004571194379576E-01
   0.2244172324426959E-01
   0.6064730970068281E+01
  -0.1285858581589001E+01
  -0.2558000406061994E+00
  -0.6930539367569173E+00
  -0.5349617259042570E-01
  -0.1297698139033654E-02
   0.4052369855336943E+01
  -0.5387836422527680E+01
  -0.1578943543611150E+01
  -0.6669979374948698E+00
  -0.1329277774253554E+00
  -0.3832921272773859E-01
   0.1093424331386440E+02
  -0.2022255866972745E+01
   0.3330023497112093E+01
  -0.6384185939606635E+00
   0.1556596378700600E-01
   0.1071096888074661E-01
   0.6013284390627189E+01
  -0.3463451147826223E+01
  -0.3102331374916658E+01
  -0.1595358579811146E+01
  -0.6145525114894822E-01
  -0.8760699743906905E-02
   0.5311775473269964E+01
  -0.5388978105679459E-02
   0.5352811042088756E-01
  -0.2260645502543569E+01
  -0.4711437622046418E-01
  -0.3236405071894917E-02
   0.9845694415068435E+01
   0.3278584823033791E+01
   0.6123964408792152E+00
  -0.2341059764389926E+01
  -0.6776553056091215E-01
  -0.6444292165530483E-02
   0.1094396183904024E+02
  -0.7375404476054888E-01
   0.2188514305807663E-01
  -0.2269027806844292E+01
  -0.5545304856842023E-01
  -0.4620612059666377E-02
  -0.3150119762787257E+01
  -0.3270206292152156E+01
  -0.4972167463189469E+00
  -0.1467183390072303E+01
  -0.1598353537856752E-01
   0.2390098870253791E-02
   0.7097737381188893E+01
   0.1977767102164204E+00
   0.1107259401092126E+00
  -0.6950174344490884E+00
  -0.8920650557994259E-01
  -0.3078343221179562E-01
  -0.2952674883548313E+00
  -0.3709270902822956E+01
  -0.6726649222280379E+00
  -0.7149265612552478E+00
  -0.1095620204452639E+00
  -0.4503337395676625E-01
  -0.1605420096512386E+01
   0.4387548822427431E+01
  -0.5652482769281263E+00
  -0.6868265213788068E+00
   0.3649687797846526E-01
   0.2053860364205674E-01
   0.2748337400137005E+01
   0.4403567465883557E+01
   0.2015738061269273E+01
  -0.9899212197336293E+00
  -0.1704366158826106E+00
  -0.5090487413999048E-01
   0.1017068485223426E+02
   0.1485447861570037E+01
   0.3817453146165913E+00
  -0.1854082880468468E+01
  -0.3551168094018484E+00
  -0.6510488738519121E-01
   0.5052963991215798E+01
   0.1867068468939508E+00
   0.5998939620858448E-01
  -0.2349750889556741E+01
  -0.3625987950213591E+00
  -0.5370435221373970E-01
   0.6299977599193709E+01
   0.1578344338789173E+01
   0.2306903459530097E+00
  -0.2324757852881583E+01
  -0.4052699366566744E+00
  -0.6097414247343637E-01
   0.7170700366584994E+01
  -0.4502959656509330E+00
  -0.1130411474737964E+00
  -0.1969867806183130E+01
  -0.2911430832082554E+00
  -0.4982287041972021E-01
   0.4720290110083594E+01
   0.5853331029549089E-01
   0.4376925299219526E-01
  -0.1123866025962854E+01
  -0.2024915367504947E+00
  -0.5328115741523413E-01
   0.7996057832552967E+01
   0.3942667595814150E+00
   0.1283002727034291E+00
  -0.7915455529979361E+00
  -0.1560409383297546E+00
  -0.4751154993466877E-01
   0.2944615482044948E+01
   0.3526941094908279E+00
  -0.4653987303487120E+00
  -0.8241192122741799E+00
   0.5745832149246683E-02
   0.6316797296337178E-02
   0.8469362022369803E+00
   0.3968168377816957E+01
   0.1366716367633276E+01
  -0.7952013316288716E+00
  -0.1787197534630559E+00
  -0.5886892153515919E-01
   0.1330433997770731E+02
   0.5837023491359686E+01
   0.2254868068177386E+01
  -0.1662984265547515E+01
  -0.4359868837772857E+00
  -0.8833971863448967E-01
   0.4502091250719970E+01
   0.1324190883490549E+01
   0.3126196421216890E+00
  -0.2272743406607381E+01
  -0.6666018133758465E+00
  -0.1037264307558930E+00
   0.5921471215280216E+01
   0.1592700780598542E+01
   0.1509324504525872E+00
  -0.2156777491594369E+01
  -0.6737447948628943E+00
  -0.1082892463292711E+00
   0.1053343432927677E+02
   0.1855951532979241E+00
  -0.2060247075810349E+00
  -0.2116198656064928E+01
  -0.7038212718596338E+00
  -0.1147552267870515E+00
   0.1320261485389063E+01
   0.1310647814928673E+00
   0.1776601194439509E+00
  -0.1294190559247324E+01
  -0.5127611771100592E+00
  -0.1241887611122534E+00
   0.4142092552413821E+01
   0.5008038455118808E+01
   0.1298529319760729E+01
  -0.4950114340574511E+00
  -0.3881887920873493E+00
  -0.1380092325917952E+00
   0.5602701059278068E+01
  -0.9437257210982095E+01
  -0.2437540272068486E+01
  -0.6643223376498686E+00
  -0.2016555840430036E+00
  -0.6882174690963376E-01
   0.3507816785910924E+01
   0.4971906232157004E+01
   0.2683812339139166E+01
  -0.7191186028885983E+00
  -0.2162828425384679E+00
  -0.8172676603776743E-01
   0.2831225380302890E+01
   0.5274937402227874E+01
   0.2786748604827650E+01
  -0.1315168521690862E+01
  -0.4790799160676112E+00
  -0.1149936345868381E+00
   0.7689173513165131E+01
  -0.1440167888264387E+01
  -0.4205866033666842E+00
  -0.2045927652758249E+01
  -0.8458989567972770E+00
  -0.1396077665047983E+00
   0.1767946783599837E+01
   0.8528259542051336E+00
   0.3014033279200282E+00
  -0.2062168303127803E+01
  -0.9211601883079210E+00
  -0.1495481900393610E+00
   0.8142423686228833E+01
   0.4761432455049522E+01
   0.4739307106413406E+00
  -0.2170347431735051E+01
  -0.9877585039288983E+00
  -0.1548135431983868E+00
   0.5686598451894355E+01
   0.2204603675337091E+01
   0.1939279037605793E+00
  -0.1549308161367792E+01
  -0.7857670696545647E+00
  -0.1596459146267014E+00
   0.4461701294207688E+01
   0.9004767805100448E+00
   0.2654323043253121E+00
  -0.7525184936589958E+00
  -0.4555887903120012E+00
  -0.1518811716958026E+00
   0.9059554690789838E+01
   0.2131497755468309E+01
   0.6831019497789022E+00
  -0.5418644375189031E+00
  -0.6447051518169647E+00
  -0.2221229978402069E+00
   0.9147696518874323E+01
  -0.5117986437461245E+01
   0.7672722776224612E+00
  -0.5162919538174500E+00
  -0.5773206417047038E+00
  -0.1963565674369075E+00
   0.1208432012569004E+02
  -0.4909824557353836E+01
  -0.2120771148193758E+01
  -0.9469400110359570E+00
  -0.5691947311552555E+00
  -0.1688212237120159E+00
   0.6996335194180864E+01
   0.4965998631250870E+01
   0.1163857069911359E+01
  -0.1678111857853095E+01
  -0.1074920056527671E+01
  -0.1975506005371205E+00
   0.3906887161610299E+01
   0.2058285091184882E+01
   0.3881835893130500E+00
  -0.2014715356449031E+01
  -0.1249278914269392E+01
  -0.1971489295423137E+00
   0.5493633541094890E+01
   0.9378015784739919E+01
   0.1048310821114504E+01
  -0.2017213034770109E+01
  -0.1234438267305494E+01
  -0.1951209945642782E+00
   0.6300798412714117E+01
  -0.2791551790115070E+01
  -0.4892012643325246E+00
  -0.1623440572243991E+01
  -0.9498673216042858E+00
  -0.1816315476998929E+00
   0.4550656108364413E+01
   0.3031506467803948E+01
   0.5104751790312885E+00
  -0.8385965165130447E+00
  -0.5634281110224175E+00
  -0.1717934176833019E+00
   0.9904579832481684E+01
   0.4244960509787906E+01
   0.9004091101147899E+00
  -0.5016691591936812E+00
  -0.5708637893146261E+00
  -0.2189938964023134E+00
   0.6743667435906091E+01
  -0.2163013647834372E+01
   0.4185054293588959E+01
  -0.5304632621387482E+00
  -0.3518392556878373E+00
  -0.1188158805563205E+00
   0.6889140652020434E+01
  -0.1105778611303452E+01
   0.2890537496732152E+00
  -0.5032953553528691E+00
  -0.4250408913807018E+00
  -0.1480867611640823E+00
   0.2895305257881322E+01
   0.1344353160450051E+01
   0.2515062815928384E+01
  -0.1107604736952128E+01
  -0.9723490388861074E+00
  -0.2303525638230549E+00
   0.5537708545709493E+01
   0.3667409371395076E+01
   0.6868728219529761E+00
  -0.1779879295846930E+01
  -0.1444457149866633E+01
  -0.2353466327780049E+00
   0.1181560474291764E+01
   0.1183179757391465E+01
   0.3775118836348991E+00
  -0.1812186992420999E+01
  -0.1486634665181765E+01
  -0.2385247305689353E+00
   0.8712407826162046E+01
   0.6628671742089267E+01
   0.3643575077458065E+00
  -0.1706540454564539E+01
  -0.1445929109536203E+01
  -0.2407785867083583E+00
   0.4910226508889478E+01
   0.1966482185406352E+01
   0.2103353906093175E+00
  -0.1243968975638550E+01
  -0.9990122417466765E+00
  -0.2219045552694332E+00
   0.4774272322566806E+01
   0.3046703534595059E+01
   0.6303495259090912E+00
  -0.5424806760121850E+00
  -0.4450494625106775E+00
  -0.1801291482050050E+00
   0.7848821269286007E+01
   0.3204341256335229E+01
   0.1324178598668557E+01
  -0.4732423069198770E+00
  -0.3811899103458236E+00
  -0.1331894720678098E+00
   0.4467951057401288E+01
   0.9289887341239849E+01
   0.5371131607455223E+01
  -0.5065399184792141E+00
  -0.5962976942933712E+00
  -0.1930892817541210E+00
  -0.5429810703220116E+01
   0.7263922080177811E+01
   0.1162798941757938E+01
  -0.9046897474927577E+00
  -0.8947722472735984E+00
  -0.2375741473992867E+00
   0.4881327377970210E+01
   0.4658557949044592E+01
   0.1145101488985212E+01
  -0.1438149119717996E+01
  -0.1480336008206830E+01
  -0.2654261333582211E+00
   0.3509229335261324E+01
   0.2813518619232267E+01
   0.4558799151388058E+00
  -0.1595134241217786E+01
  -0.1731660049933292E+01
  -0.2769609784286651E+00
  -0.1509074024615557E+01
   0.3459569400363946E+01
   0.7161755250501380E+00
  -0.1610227298085841E+01
  -0.1730882075561215E+01
  -0.2759805463458479E+00
   0.1174568175870460E+02
   0.5749502264747149E+01
  -0.3076380919591675E-02
  -0.1094130356439968E+01
  -0.1430906767499208E+01
  -0.2884279610713003E+00
   0.4068422371591867E+01
   0.2992400485522441E+01
   0.5547034930500530E+00
  -0.5324182765601813E+00
  -0.7079231357545517E+00
  -0.2424887538763695E+00
   0.8024051954018530E+01
   0.9624584335366869E+01
   0.2550354145987531E+01
  -0.4235177531238129E+00
  -0.6134175232876784E+00
  -0.2133110833397477E+00
  -0.4586310550281023E+00
   0.3172582510582953E+01
   0.2694014874776388E+01
  -0.4235771335304107E+00
  -0.6067917275516691E+00
  -0.2083769284817473E+00
   0.3930404487580224E+00
  -0.4110466686291940E+01
  -0.6932997298776287E+00
  -0.5949339267738302E+00
  -0.7173689619845931E+00
  -0.2374475142656684E+00
   0.7130374780139669E+01
   0.8440221798972605E+01
   0.2273976482307453E+01
  -0.1223189665160098E+01
  -0.1400240888132295E+01
  -0.2741894934739793E+00
   0.1867040540790619E+01
   0.3168479844571265E+01
   0.7542809401162218E+00
  -0.1382185776940428E+01
  -0.1962023878193672E+01
  -0.3098134875055367E+00
   0.4642390420250575E+01
   0.6321905037857414E+01
   0.4528236453037069E+00
  -0.1374237984866619E+01
  -0.1853846280787493E+01
  -0.3025926044311729E+00
   0.4043501754423392E+01
   0.4510412002792431E+01
   0.3967274531646192E+00
  -0.1175855127726436E+01
  -0.1745598472794929E+01
  -0.3077541981307699E+00
   0.2788379431931828E+01
   0.2701127088165403E+01
   0.5094455493123276E+00
  -0.6954456305007709E+00
  -0.1149847247554039E+01
  -0.2922374837323882E+00
   0.4326677160416033E+01
   0.3472178700844869E+01
   0.1040163757693891E+01
  -0.4256870871328157E+00
  -0.5038036786510881E+00
  -0.1721321301007652E+00
  -0.5644630407352554E+01
   0.3029301422355218E+01
   0.2641393712017599E+01
  -0.2108496938621487E+00
  -0.6446150093680724E+00
  -0.2211970475651774E+00
   0.1029738198722445E+02
   0.6954766367831457E+01
   0.4465309826023516E+01
  -0.2075707927462017E+00
  -0.5982463139329128E+00
  -0.2143265555391030E+00
   0.4320553069526231E+01
  -0.1020989134792964E+01
   0.1837510246667829E+01
  -0.7428150435229985E+00
  -0.1371042192659881E+01
  -0.3158659700280948E+00
   0.1680263382429677E+01
   0.4441658439753506E+01
   0.8649785274621339E+00
  -0.1079697742917886E+01
  -0.2049916234320128E+01
  -0.3337885194088263E+00
  -0.2362629784012425E+01
   0.8331177365716258E+00
   0.4116962106488459E+00
  -0.1087780734912190E+01
  -0.2056650458000548E+01
  -0.3346497721651280E+00
   0.9018282330863197E+01
   0.1215284651079043E+02
   0.6505127134447851E+00
  -0.1086904573816921E+01
  -0.1937822467136990E+01
  -0.3267567899494652E+00
   0.2133972437616410E+01
   0.2553319438944943E+01
   0.4724516037268865E+00
  -0.6951133897067953E+00
  -0.1299839462057780E+01
  -0.3066267413813907E+00
   0.4695557149487431E+01
   0.7373251888202661E+01
   0.1303385549387496E+01
  -0.3608530982028882E+00
  -0.5253707244918508E+00
  -0.2506366225858949E+00
  -0.7496074863524739E+00
   0.9388654723281229E+01
   0.5847335931417501E+01
  -0.1112555672463932E+00
  -0.7509369170987445E+00
  -0.2700623886732356E+00
  -0.6906757079807763E-01
   0.3667075440128967E+00
   0.9460664559156545E+01
  -0.1117355065641852E+00
  -0.7698890635989738E+00
  -0.2908048990040115E+00
   0.1454236919752568E+01
   0.3292312683344770E+01
   0.2406659919065680E+01
  -0.3067549964208193E+00
  -0.9673483071740971E+00
  -0.3072427210680284E+00
   0.3831301152378945E+01
   0.8700801109952668E+01
   0.2100050710398779E+01
  -0.6229828356091168E+00
  -0.1805318036981110E+01
  -0.3485554564285556E+00
   0.1046526787284327E+01
   0.4083045010307957E+01
   0.7714173479296655E+00
  -0.8120611930841665E+00
  -0.2219499265329846E+01
  -0.3562582440987986E+00
   0.6878436485289890E+01
   0.5672118168651974E+01
   0.2767472915923675E+00
  -0.8366156070944989E+00
  -0.2217236630860652E+01
  -0.3550406634666993E+00
  -0.1182716197444092E+01
   0.6754160449637661E+01
   0.6795590631372096E+00
  -0.7149760529586847E+00
  -0.1836884378294819E+01
  -0.3449457806308728E+00
   0.3414251837213013E+01
   0.4474327798758461E+01
   0.6311613507594379E+00
  -0.4108307358207395E+00
  -0.1060654886135432E+01
  -0.3091534787872415E+00
   0.3822902923032267E+01
   0.7606910744671941E+01
   0.1794972043731788E+01
  -0.1118739970128477E+00
  -0.6917419103554728E+00
  -0.2079245435208730E+00
   0.3520578107480664E+01
   0.3528997469220941E+01
   0.5763144298283532E+01
  -0.4426929505701280E+00
  -0.5763296173324791E+00
  -0.1855352144731778E+00
   0.6005009143085887E+01
   0.4335354797039604E+01
   0.2012267523956456E+01
  -0.1546965307547633E+00
  -0.6918670601231562E+00
  -0.2662350570566416E+00
   0.1011123139279713E+02
   0.1300270592888184E+02
   0.5251417454046988E+01
  -0.4264877743855257E+00
  -0.1631323582792637E+01
  -0.3500116646552044E+00
   0.1523068283266892E+01
   0.5034092966488043E+01
   0.9704096625164453E+00
  -0.5219898914485793E+00
  -0.2242021398043677E+01
  -0.3703563119778989E+00
   0.1561557416558840E+01
   0.9202957295705524E+01
   0.5069484240529943E+00
  -0.4640280415457300E+00
  -0.2217947801246240E+01
  -0.3684615988756294E+00
   0.8025109112739155E+01
   0.9035214855205949E+01
   0.9866776663465746E+00
  -0.4800891486984875E+00
  -0.2233966050351941E+01
  -0.3691822643924424E+00
  -0.2463887829280166E+01
  -0.1477637984072107E+01
   0.7805456061520691E-01
  -0.1864806507275732E+00
  -0.1354084578017618E+01
  -0.3445547471111799E+00
  -0.4760098756731831E+00
   0.5666574080468277E+01
   0.1438558588682624E+01
  -0.1212953780609540E+00
  -0.7888472946021154E+00
  -0.2698453569996193E+00
   0.6996359391821576E+01
   0.4278454750121854E+01
  -0.1726260272284234E+01
  -0.9515333986182405E-01
  -0.6822421597965903E+00
  -0.2602960139165786E+00
   0.1975024831731726E+01
   0.4120743105514270E+01
   0.1283953013160495E+00
  -0.1452584399411166E+00
  -0.6069512079875082E+00
  -0.2050862666875760E+00
  -0.2871848365238270E+01
   0.4173424096183063E+00
   0.2012418415655702E+01
  -0.2560970289436332E+00
  -0.1393470029643056E+01
  -0.3443266519516878E+00
   0.2991109638189679E+01
   0.6729398867635603E+01
   0.1307388283431607E+01
  -0.2830100771753999E+00
  -0.2172065130488420E+01
  -0.3720803125301550E+00
  -0.1568217954469971E+00
   0.2528515548711763E+01
   0.6335320259812912E+00
  -0.1999823253153726E+00
  -0.2253307371937442E+01
  -0.3752931988593053E+00
   0.6322691243980285E+00
   0.8444961758669093E+01
   0.6086502951318019E+00
  -0.2325471303869072E+00
  -0.2386914041410882E+01
  -0.3816330950261672E+00
   0.6085065159596603E+00
   0.6359450935981953E+01
   0.4814804243916418E+00
  -0.7284435045531881E-01
  -0.1766054888090958E+01
  -0.3642652994260852E+00
   0.1810776265648883E+01
   0.3831029399439730E+01
   0.9111946052710328E+00
   0.1424069548355567E-01
  -0.9856341776170637E+00
  -0.3260557877182394E+00
   0.1327723119505489E+01
   0.8981820142524374E+01
   0.2526347279126052E+01
   0.1023236498447355E+00
  -0.7539645346362421E+00
  -0.2650189715819668E+00
  -0.8651794136555099E+01
   0.7421509683628822E+00
   0.3862834716726039E+00
   0.1965369217316135E+00
  -0.6723254375138545E+00
  -0.2240638110956481E+00
  -0.1191715350024150E+01
   0.1680007494347173E+00
   0.2381987063213594E+01
   0.1980508589228273E-01
  -0.8673054682052483E+00
  -0.2946930677579903E+00
   0.1886787080674932E+01
   0.1261111334490452E+02
   0.3425558494722406E+01
   0.8445081611178054E-01
  -0.1976643378347276E+01
  -0.3748093994124088E+00
   0.3571196785147254E+00
   0.3936527935739855E+01
   0.6599211858171813E+00
   0.1051175572571136E+00
  -0.2377763580167470E+01
  -0.3813373039370513E+00
   0.8397796216015931E+00
   0.6599312327690353E+01
   0.5036289037496418E+00
   0.4866473517451581E-01
  -0.2350275118378866E+01
  -0.3805803041368163E+00
  -0.8826963294256889E+00
   0.7000101342189669E+01
   0.5341590698619395E+00
   0.1849734455003636E-01
  -0.1882259665769519E+01
  -0.3666265053906612E+00
  -0.1206866294800129E+01
   0.6353194705532284E+01
   0.9013473256817667E+00
   0.5456903929372719E-01
  -0.1100772579560494E+01
  -0.3327143317424588E+00
  -0.1253912556053730E+01
   0.1063067826967883E+02
   0.2073258017859589E+01
   0.1749934941147859E+00
  -0.7170345485706887E+00
  -0.2227797123363077E+00
   0.3847446434764719E+01
   0.3401939198780537E+01
   0.5793230566035561E+01
   0.9234377216757261E-01
  -0.7825805528828222E+00
  -0.2591469172535381E+00
  -0.3791524261959374E+01
  -0.2272821071984807E+01
   0.1304192584920582E+01
   0.1242044736436146E+00
  -0.6772212742247236E+00
  -0.2207469537979778E+00
  -0.1246891117572118E+01
  -0.2526595265280707E+01
  -0.2174570627480666E+01
   0.3013410566399330E+00
  -0.1470005089277094E+01
  -0.3499083213282926E+00
  -0.1289238179383371E+01
   0.5713198226668471E+01
   0.1147259424412110E+01
   0.3547270272953246E+00
  -0.2255739882616931E+01
  -0.3747796713128350E+00
   0.5911209778760647E+00
   0.3569629757070877E+01
   0.5557376904010992E+00
   0.3919043239391895E+00
  -0.2313383791007009E+01
  -0.3769286251617499E+00
  -0.1582514873049299E+01
   0.1041548140597520E+02
   0.5525168011589066E+00
   0.4160263814860726E+00
  -0.2203080799792363E+01
  -0.3720348386212685E+00
  -0.5778940192988304E+00
   0.3676567573729609E+01
   0.5512314663766053E+00
   0.2258003491443393E+00
  -0.1556531117669050E+01
  -0.3559851694690048E+00
  -0.4622875363434008E-01
   0.6310028668880359E+01
   0.1161917847094876E+01
   0.1591374180898077E+00
  -0.6542750857169053E+00
  -0.1910189311586631E+00
   0.6244942561080105E+01
  -0.1126452390355710E+01
   0.8160338564210697E+01
   0.1189067097253749E+00
  -0.7809564090327912E+00
  -0.2530839400213076E+00
   0.3377894284610048E+01
   0.6451872510783279E+01
   0.7238155637432796E+01
   0.1243830970580109E+00
  -0.7151712033592075E+00
  -0.2546339422904634E+00
  -0.2956749455935848E+01
   0.1558465168456010E+02
   0.4700620978797359E+01
   0.3098362359866733E+00
  -0.1189891435833184E+01
  -0.3301108533513948E+00
  -0.2203484829430961E+01
   0.7349081759714277E+01
   0.1636473237860650E+01
   0.5712630888049993E+00
  -0.1951968648363092E+01
  -0.3594790481671011E+00
  -0.6450014124282603E+00
   0.4993368089424587E+01
   0.7109901219889488E+00
   0.6869887346871947E+00
  -0.2283176386913228E+01
  -0.3670415830960087E+00
  -0.2618417847797565E+01
   0.5526844493908565E+01
   0.3921008844325493E+00
   0.7290434164816673E+00
  -0.2220970929769957E+01
  -0.3625052858921642E+00
  -0.4211948312160930E+00
   0.7893268766092715E+01
   0.6209467353940853E+00
   0.6585762805818309E+00
  -0.1654339961541971E+01
  -0.3409586676886333E+00
  -0.1448036476267634E+01
   0.5430880735067257E+01
   0.8860668590786440E+00
   0.3095835528446786E+00
  -0.8922388909805764E+00
  -0.2992042272178581E+00
  -0.4405299346310342E+01
   0.1068511346256644E+02
   0.2664686992440137E+01
   0.8303639051717107E-01
  -0.7520322801301745E+00
  -0.2706583913270658E+00
   0.7461615842411111E+00
  -0.3454911078405254E+01
   0.3031049491410582E+01
   0.4559880514973644E-01
  -0.7087363342602773E+00
  -0.2844494848001213E+00
  -0.4553798382590664E+01
   0.2437994933555185E+01
  -0.1063529370591001E+01
   0.3020217930829363E+00
  -0.8166910177098421E+00
  -0.2885113509595171E+00
  -0.5397446760680277E+01
   0.9175430029800717E+01
   0.2663258853081539E+01
   0.6297396558199775E+00
  -0.1772865898438713E+01
  -0.3496038942693794E+00
  -0.1585701751832260E+01
   0.2433640936480664E+01
   0.6841517420741861E+00
   0.1022778116682613E+01
  -0.2177667856258480E+01
  -0.3481186076872182E+00
  -0.2712592804867336E+01
   0.6800678800891619E+01
   0.4752585102889733E+00
   0.9195637945090346E+00
  -0.2099579150046209E+01
  -0.3489346528375052E+00
  -0.2481211690142977E+01
   0.6264361034573825E+01
   0.4862326506148483E+00
   0.9460132808335402E+00
  -0.1905886190487581E+01
  -0.3380087909310958E+00
  -0.7453506083427517E+00
   0.3511370722850444E+01
   0.6287108892451865E+00
   0.7160707643584182E+00
  -0.1264163117166576E+01
  -0.3136626393405521E+00
  -0.1381992515611018E+01
   0.3437346244904861E+01
   0.8744387212001504E+00
   0.1957267762701008E+00
  -0.6041923777329665E+00
  -0.2453774380353072E+00
  -0.8318130675539003E+01
   0.8287194849359846E+00
   0.4681979021526128E+01
   0.4225517494127349E+00
  -0.5461214891964791E+00
  -0.2400726016950200E+00
   0.5489071992306175E+00
   0.8028915088534859E+01
   0.4419966699680304E+01
   0.3879506626061500E+00
  -0.6380977021512915E+00
  -0.2474654395213436E+00
   0.2557501323470885E+01
   0.1591148326091813E+01
   0.3440161506453593E+01
   0.6744412038965477E+00
  -0.1188344717204218E+01
  -0.3013762119586902E+00
  -0.2697407883307934E+01
   0.7226095863693377E+01
   0.1626851929400769E+01
   0.1248060258571690E+01
  -0.1977117636911770E+01
  -0.3249727576792391E+00
  -0.5135100709945358E+01
   0.4984869063071188E+00
  -0.3509449400359346E+00
   0.1248003823594056E+01
  -0.1950398982386925E+01
  -0.3224475352265690E+00
  -0.2067411588235575E+01
   0.1125735669759066E+02
   0.1231143131585744E+01
   0.1123621437528059E+01
  -0.1900410061594941E+01
  -0.3263872720358055E+00
  -0.2506189642560639E+01
   0.3304722017471760E+01
   0.4313965204109263E+00
   0.8526184076042540E+00
  -0.1328565852752533E+01
  -0.3062887931239941E+00
  -0.4673021707905183E+01
   0.5587228894101496E+01
   0.7911591015012668E+00
   0.3774570907413607E+00
  -0.4984239708007524E+00
  -0.1756411352787851E+00
  -0.1512988476345269E+01
   0.9803489091115852E+01
   0.5706027852819887E+01
   0.5618943959928193E+00
  -0.5733455845615074E+00
  -0.2180903563701757E+00
  -0.5066867901531038E+01
  -0.5247527788991821E+01
  -0.1943878523166401E+01
   0.4793899328259948E+00
  -0.5732905360014263E+00
  -0.2107385174989201E+00
  -0.1309306010265248E+01
   0.6413170806701167E+01
   0.2395504224519810E+01
   0.7042177826038200E+00
  -0.7871066365293807E+00
  -0.2485204119816033E+00
  -0.6314540055579726E+01
   0.5785728368346235E+01
   0.1385213224397490E+01
   0.1252343943222339E+01
  -0.1474693756308394E+01
  -0.2857814305379482E+00
  -0.4894516821638821E+01
   0.2684349177440019E+00
   0.1060547421243644E+00
   0.1527625870576472E+01
  -0.1804977570276143E+01
  -0.2937735525146377E+00
  -0.5224043587072744E+01
   0.4114137861076052E+01
   0.2186707724360936E+00
   0.1502647598445335E+01
  -0.1832442490455364E+01
  -0.2975958605448372E+00
  -0.2930050094479224E+01
   0.6789701652425055E+01
   0.5727984124993896E+00
   0.1236675740454762E+01
  -0.1505974015693810E+01
  -0.2899408379074010E+00
  -0.6398858498334310E+00
   0.7425873750679215E+01
   0.1083321537628559E+01
   0.6756304364002372E+00
  -0.8835033083828099E+00
  -0.2669730508251681E+00
  -0.4891515795090595E+01
   0.7442809757550791E+01
   0.1707025703411022E+01
   0.4983338334547293E+00
  -0.5970241313050220E+00
  -0.2151325396378368E+00
  -0.3229868897014186E+01
   0.8721367599091595E+01
   0.2662700209672365E+01
  -0.6882733154645741E-02
  -0.6577012108110687E+00
  -0.2784802400222717E+00
  -0.9845744047901931E+01
   0.9667663689506570E+01
   0.3080717231351100E+01
   0.4299859205234448E+00
  -0.5360771908950483E+00
  -0.2078909828056194E+00
  -0.1174070405034463E+02
   0.4571604010954173E+01
   0.2672802886485196E+01
   0.1185061748426649E+01
  -0.1153758546158377E+01
  -0.2556015708532118E+00
  -0.3926422555646810E+01
   0.4256617650561469E+01
   0.7356677828587629E+00
   0.1673466166858786E+01
  -0.1465433903751760E+01
  -0.2498242753142467E+00
  -0.2294010553485331E+01
   0.4333104013050243E+01
   0.6085577598192181E+00
   0.1686136240187278E+01
  -0.1554293959067995E+01
  -0.2621326685263091E+00
  -0.8186538361573154E+01
   0.8238044409694238E+01
   0.2741572788133863E+00
   0.1719149926213164E+01
  -0.1586071713746479E+01
  -0.2617363785925231E+00
  -0.9458247281454092E+00
   0.1443551241358595E+01
   0.4478402551964328E+00
   0.1056575244663698E+01
  -0.8256468953292070E+00
  -0.2174200601549679E+00
  -0.5102622982818168E+01
   0.3670901896801412E+01
   0.7768736693173767E+00
   0.4210838609812133E+00
  -0.3952319770769351E+00
  -0.1506771570236189E+00
  -0.5132712915974898E+01
   0.8697712338373127E-01
   0.1789812943402376E+01
   0.4925930835590329E+00
  -0.5489758916587291E+00
  -0.1981957966093180E+00
  -0.1077976333423704E+02
  -0.9309370836854652E+00
   0.2036865000745077E+01
   0.4738354486212402E+00
  -0.4675818641882878E+00
  -0.1719844429036348E+00
  -0.1518755133402311E+01
   0.7849633177518156E+00
   0.1333535154667406E+01
   0.1100989156598601E+01
  -0.9483275176179133E+00
  -0.2346862225038972E+00
  -0.4571383940094665E+01
   0.3815097629342010E+01
   0.8150020434011596E+00
   0.1729436520269576E+01
  -0.1308283361599501E+01
  -0.2299153396007173E+00
  -0.2623650361631714E+01
   0.1320294564624126E+01
   0.2704558566959362E+00
   0.1872430169674736E+01
  -0.1286387229493102E+01
  -0.2179139573258937E+00
  -0.6294351863929124E+01
   0.4586008014190650E+01
   0.2944646409958561E+00
   0.1958950206574745E+01
  -0.1397450341242529E+01
  -0.2265372034951185E+00
  -0.5458514623684841E+01
   0.3783365156541237E+01
   0.2270725246905305E+00
   0.1538553358980865E+01
  -0.9390991577925334E+00
  -0.1954052718855226E+00
  -0.1226993367760772E+01
   0.3673933835481292E+01
   0.8281042470961362E+00
   0.8696915514900393E+00
  -0.4923723617303787E+00
  -0.1642533584376480E+00
  -0.7833754994205207E+01
   0.5190673462490848E+01
   0.1370136949924375E+01
   0.6966946181781549E+00
  -0.2376190350238974E+00
  -0.1026113706872004E+00
  -0.1777644893903546E+01
   0.8569908648606580E+01
   0.2356752575076640E+01
   0.6457970564067450E+00
  -0.2491869059994690E+00
  -0.1137992696261376E+00
   0.7863570973292221E+00
   0.1045830176468749E+02
   0.6116183474869540E+01
   0.7376828993228005E+00
  -0.4463166636330967E+00
  -0.1625594481942203E+00
  -0.9380179332475365E+01
   0.6715470852707099E+01
   0.2001927843379215E+01
   0.1653882363420832E+01
  -0.9275528352650928E+00
  -0.1854490298978869E+00
  -0.2782333424952671E+01
   0.2172858152013871E+01
   0.4112200657999711E+00
   0.2069749134477363E+01
  -0.1117337640299203E+01
  -0.1847019220104304E+00
  -0.3258074076253503E+01
   0.4149128451261246E+01
   0.4739878879733341E+00
   0.2110886306606630E+01
  -0.1097324663121998E+01
  -0.1798597087318925E+00
  -0.8600171061766602E+01
   0.2368874396860006E+01
  -0.5773562152411420E-01
   0.1721879107169665E+01
  -0.9140661302177019E+00
  -0.1791460549425067E+00
  -0.7736407509323363E+01
   0.1602287624900528E+01
  -0.5050739526862935E-01
   0.1045097773713199E+01
  -0.5074404551615997E+00
  -0.1531139915122706E+00
  -0.8080707658453420E+01
   0.3771701563327738E+01
   0.7104809368407902E+00
   0.6418329138736207E+00
  -0.2516932416499811E+00
  -0.1144965344952872E+00
  -0.3822041545575894E+01
  -0.1348627038216318E+01
  -0.2113083175509551E+01
   0.6137865136837687E+00
  -0.3186809166312551E+00
  -0.9729402874020261E-01
  -0.9803625833888360E+01
   0.1236727124895420E+01
   0.3825653592858280E+01
   0.6468332188998687E+00
  -0.9293156399238379E-01
  -0.5163625581642500E-01
  -0.1831515132529759E+01
   0.5139857012210226E+01
   0.1848300258243162E+01
   0.1448968750444638E+01
  -0.4773652734700798E+00
  -0.1166207937740263E+00
  -0.5811579235394907E+01
   0.1020309926933974E+01
   0.1250556029717831E+00
   0.2118655830963872E+01
  -0.8076066193803731E+00
  -0.1389992601729799E+00
  -0.2915573713186269E+01
   0.3276119557836275E+01
   0.4664887312186610E+00
   0.2207316211789983E+01
  -0.8096351154947623E+00
  -0.1356658647914829E+00
  -0.9458500139186059E+01
   0.3717515097110005E+01
   0.1678223208275593E+00
   0.2128767684277603E+01
  -0.7466058128338794E+00
  -0.1292908898757694E+00
  -0.3805447902721080E+01
  -0.1415931798268250E+00
  -0.8649363393406564E-01
   0.1439498611967096E+01
  -0.5680211316295312E+00
  -0.1359885772600362E+00
  -0.5263103561210795E+01
   0.3674155385340897E+01
   0.6987007047303805E+00
   0.5872418297846549E+00
  -0.3268492535340144E+00
  -0.8725407326228213E-01
  -0.6317239702998230E+00
   0.1111030066477972E+01
   0.1879632462702810E+01
   0.6440447559718665E+00
  -0.2043534069864255E+00
  -0.8085050493953506E-01
  -0.4550842497640950E+01
  -0.5763563142963656E+01
  -0.1156441738656049E+01
   0.7122916749587276E+00
  -0.4230831003240509E+00
  -0.1484067095296969E+00
   0.2750050997210383E+01
  -0.6077093914460522E+01
  -0.9541745619319112E+00
   0.1159250520477613E+01
  -0.2945706635047312E+00
  -0.8790879510278383E-01
  -0.7860265092499620E+01
   0.2347885665532970E+01
   0.4716194734115448E+00
   0.1942568990173706E+01
  -0.4520508327942632E+00
  -0.8826785285363727E-01
  -0.5321978748052709E+01
   0.2358027689503391E+01
   0.3236801057555264E+00
   0.2328968080914312E+01
  -0.5459116607268971E+00
  -0.9158237325602188E-01
  -0.6788865187497883E+01
   0.1841164934059282E+01
   0.1016473632618461E+00
   0.2289600003673743E+01
  -0.4724155361241188E+00
  -0.8133245026319071E-01
  -0.6274476898299284E+01
   0.1801952694693011E+01
   0.1217687507579500E+00
   0.1772376742988578E+01
  -0.2916415651128530E+00
  -0.6291784203282724E-01
  -0.7806359732809243E+01
  -0.1727496047468111E+00
  -0.1336398645666174E+00
   0.8718902567498322E+00
  -0.1330739792777729E+00
  -0.5243975693443875E-01
  -0.1000229110128621E+02
   0.3782472548794538E+00
  -0.2546888030078884E+00
   0.7814075221171054E+00
  -0.1823389479279542E+00
  -0.6685631538814023E-01
  -0.5484013333127175E+01
   0.3783776395287632E+00
  -0.9096941168197702E+00
   0.7540352974946966E+00
  -0.1799188182833658E+00
  -0.7056877644385987E-01
  -0.2235213155789617E+01
   0.7650097999661120E+00
   0.1405952754104552E+00
   0.9328241492381738E+00
  -0.1516355639946834E+00
  -0.5617975992404872E-01
  -0.1275004633507215E+02
   0.3036532940898562E+01
   0.6678786105041096E+00
   0.1823587127568333E+01
  -0.3014136969625668E+00
  -0.6388264620061712E-01
  -0.9453811784671612E+00
   0.1017377460525990E+01
   0.2139280572435961E+00
   0.2403027788013803E+01
  -0.2316290747139394E+00
  -0.4105221797794902E-01
  -0.6692549026649824E+01
   0.1244494444652053E+00
  -0.8414522818268802E-01
   0.2266547036157364E+01
  -0.2602617112924221E+00
  -0.4708004256228233E-01
  -0.7251975554378212E+01
   0.3846276471483295E-01
  -0.1043924174559027E+00
   0.2119923340763006E+01
  -0.1503588878978901E+00
  -0.3116748460273454E-01
  -0.4016554097018771E+01
   0.2693812619624921E+00
  -0.9570249398363404E-02
   0.1510273665787537E+01
   0.5290335153382230E-01
   0.7348619333048002E-02
  -0.4804392228865529E+01
   0.7375643447486679E+00
   0.1188618410663149E+00
   0.7174904344360949E+00
   0.1134600723250787E+00
   0.4562105377370998E-01
   0.5305317790637663E+00
  -0.4574108862653046E+01
   0.4720434296720177E+00
   0.6405235413260840E+00
   0.2691901047630190E-01
   0.3215868992456113E-01
  -0.3673428534059107E+01
   0.2548559516886493E+00
   0.1785542549868296E+01
   0.6915964218489733E+00
   0.6147397029690816E-01
   0.1869551540353910E-01
  -0.5979914843398603E+01
  -0.8171673554000108E+00
  -0.1127365313349271E+01
   0.1383518646196132E+01
   0.2495989730040393E-01
   0.1528390464399401E-02
  -0.1055636262790258E+02
  -0.4674515408151189E+00
  -0.1557594987986329E+00
