-1.971206956826554002e+00 6.817323245324796721e-01
1.939358532777788247e+00 -7.008150573611007239e-01
-1.906589537474375984e+00 7.217338337964488426e-01
1.872808279847272717e+00 -7.448080505500156434e-01
-1.837906517843022502e+00 7.704408142238902135e-01
1.801754944485437049e+00 -7.991493438408276972e-01
-1.764196962302016836e+00 8.316099809509667207e-01
1.725039883904408100e+00 -8.687268451902494526e-01
-1.684042134658866097e+00 9.117402513834537148e-01
1.640894005240485454e+00 -9.624050466592597441e-01
-1.595187517758001938e+00 1.023298608417115396e+00
1.546366890153654028e+00 -1.098385215116068903e+00
