-1.863646254806412550e+00 7.535430865448075055e-01
1.706167732166955719e+00 -8.928097010285783730e-01
-1.510606936737655337e+00 1.178380000743803890e+00
1.194414677677750003e+00 -2.799585996782104846e+00
1.890428596412412565e+00 -7.345118680196921490e-01
-1.737716306799584220e+00 8.604008653088015546e-01
1.551614645538326842e+00 -1.102382892550342719e+00
-1.278631984310232506e+00 2.013890883141022048e+00
-1.916552949482957402e+00 7.169573003507553333e-01
1.768163792383692590e+00 -8.315276407973573036e-01
-1.590150544815796652e+00 1.040279389232519947e+00
1.344239814826689861e+00 -1.665755660209720546e+00
