8.495973569461865438e-01 1.690044286545068925e-05 1.503857426109484474e-01
6.183759603830157880e-01 6.181268359256185648e-06 3.816178583486271036e-01
3.369962449849358554e-01 2.014786557518870369e-06 6.630017402285085515e-01
1.073073414830290201e-01 4.800512786352814248e-07 8.926921784656940417e-01
1.786607990908208390e-02 7.274817277250231894e-08 9.821338473427457805e-01
2.031485913888752843e-03 8.142285771048588728e-09 9.979685059438269112e-01
2.076093646010088731e-04 8.306078313382134567e-10 9.997923898047933466e-01
2.082417533020917871e-05 8.329841513278090151e-11 9.999791757413863946e-01
2.083229473788239855e-06 8.332935046325558508e-12 9.999979167622105036e-01
2.083328472389448885e-07 8.333315604834798143e-13 9.999997916663370123e-01
2.083340151674880857e-08 8.333360778228976705e-14 9.999999791665333815e-01
2.083341508138788479e-09 8.333366049707988032e-15 9.999999979166686037e-01
