-9.879961205569998128e-04
-8.724694998818449676e-05
-4.627771531886537559e-04
9.404040710023764404e-04
-7.190882178065294283e-05
-3.848942607760363899e-04
-7.639005072235249827e-04
3.058205126578172894e-04
9.105504204498515719e-05
8.325744054431538643e-04
-1.027709679414456900e-03
1.182801421677481812e-04
-5.058691654689084771e-04
1.252846765396498085e-03
-2.298903034443355864e-04
2.683165033658951870e-04
-8.195823835825954973e-04
6.088115514987779697e-04
1.691849278031565262e-04
6.760671338371104788e-04
-1.360459023988271066e-04
-5.190030000081363726e-04
3.363152842697156308e-05
5.571369149899654816e-04
3.134620202299848168e-04
-3.788519418287950025e-05
-7.459527466345816649e-04
1.605913104717193729e-05
3.259468042748903116e-06
7.562059689100730786e-04
-8.262516637002059738e-04
-1.392798298850417282e-04
-7.948033749201055542e-04
3.668316732532428404e-04
5.236785905404772734e-05
2.739016157571327881e-05
-1.171332136132186008e-03
-1.127930411426447677e-04
-2.914325723395450041e-04
5.238480101503739661e-04
-4.550779366319090968e-04
-5.795760948856809591e-04
-6.660517309811098130e-04
1.427557202546836379e-04
1.373919999849704254e-04
9.273380378260753787e-05
-9.277056361867153100e-04
-1.931515970312602803e-04
-3.235526813085698450e-04
5.874719202338951618e-04
-1.986425237845423908e-04
-3.524701905917027034e-04
-5.973185493530763779e-04
7.644203972745344799e-05
2.255992447963706127e-04
4.082754843874880635e-04
-7.525048495438113605e-04
-2.029462007193671980e-04
-2.653864996524646358e-04
6.696651251942853378e-04
3.237094284713748493e-05
-1.894297966487101803e-04
-6.866010110258002896e-04
1.950335097262723139e-04
3.774689005560105670e-04
5.284288394431513325e-04
-5.837545551621303730e-04
-1.401909833145253970e-04
-6.398470682444923341e-05
1.017707328041517201e-03
1.666818456476093502e-04
6.511879139861065369e-04
-1.006346170324690092e-04
1.265977974187926236e-03
1.957053967972299802e-03
2.893474629118486519e-03
3.036236528632940690e-03
4.980036212209881796e-03
7.265920956243121509e-03
1.253870436707416047e-02
1.672839115432893375e-02
2.548916015337428578e-02
3.632533492298429395e-02
5.537455254182154646e-02
8.202663180596167503e-02
1.216765903849148789e-01
1.788593162429182315e-01
2.653502054520040510e-01
3.926538959190688516e-01
5.829266657115856898e-01
8.623906433077530576e-01
1.276631995695816979e+00
1.888701984522890509e+00
2.797137391204014278e+00
4.138592340563699068e+00
6.121900422408343090e+00
9.047845996256780765e+00
1.336153367967877870e+01
1.970596493403992255e+01
2.900511197339973535e+01
4.256564416169643295e+01
6.219603175847400678e+01
9.030957081357109928e+01
1.299368448746116655e+02
1.845086541272543741e+02
2.571565675170082841e+02
3.492223444332638564e+02
4.578628401760611268e+02
5.733200682756629476e+02
6.778464082397257471e+02
7.489912781647424254e+02
7.681326537214557675e+02
7.298912908320891120e+02
6.452222066099099038e+02
5.354392679985860468e+02
4.223770207386568245e+02
3.216021090022303497e+02
2.411270773943219297e+02
1.837054255798892370e+02
1.502013401692106527e+02
1.427190778348597746e+02
1.674558354581948834e+02
2.374683365853892667e+02
3.746547994135426620e+02
6.070707086210287571e+02
9.518002741526831869e+02
1.372805744503957158e+03
1.736274940409574128e+03
1.854469304077464813e+03
1.652087387306325581e+03
1.250818608058974860e+03
8.364124668186412919e+02
5.145163202324115446e+02
3.007278815601543442e+02
1.707053368912645226e+02
9.539721618767771361e+01
5.291246162848322854e+01
2.927220029480004371e+01
1.619841111681883206e+01
8.985642985381510073e+00
5.002685494418383172e+00
2.801326985635554934e+00
1.578162353297102527e+00
8.964121853520055083e-01
5.121324681330184925e-01
2.959430298422909833e-01
1.726999119469866395e-01
1.031782978432012610e-01
6.123071519499306836e-02
3.725234325782804390e-02
2.145412697335007460e-02
1.426578983664541361e-02
9.228397749484459900e-03
6.087567169577118298e-03
3.367294574597945456e-03
1.846523435108174405e-03
9.564616234261635874e-04
1.812696294536009223e-03
9.100905265709835490e-04
5.301938150045204523e-04
-6.080285852221312126e-04
1.173072746933900845e-04
3.393877011972357138e-04
7.997699279740366762e-04
-1.761632655483680310e-05
-6.090002295637830798e-04
-3.431312104709149935e-04
5.313986124342306994e-04
5.035609465373624971e-04
2.253269976577598754e-04
-9.011652971580019766e-04
-1.268706467456581777e-04
1.597989639350316793e-04
8.521795051166236590e-04
-3.019847882654858040e-04
-2.791743450103467694e-04
-7.072573094575318464e-04
4.422896297668899024e-04
5.656834959921752670e-04
3.233701482372453029e-04
-8.199907204016199103e-04
-2.556927079240267631e-04
-1.067586405945064598e-04
1.369572668993512821e-03
-5.509434778190325233e-04
7.905358279813867739e-05
-1.206519907508862843e-03
7.138835536366627821e-04
3.867671989610244054e-04
4.293836132660544536e-04
-7.630113145609129788e-04
-5.223299508543277625e-04
1.176778008264989239e-04
8.519378561278045936e-04
1.994872746244880091e-04
-5.038611724774710865e-04
-5.673175612370684462e-04
1.466151965034967475e-04
6.685946475437631875e-04
5.284507981020425404e-04
-8.962170445823147702e-04
-1.688312259036095497e-04
-4.179752772497380420e-04
1.088194030401723467e-03
-6.688317352754324929e-05
-5.708437316087611180e-05
-1.026845820845778690e-03
2.681034464160347852e-04
3.777902370520197506e-04
8.331027527349980921e-04
-7.154949177752487066e-04
-3.303144544732836141e-04
-3.413648339674058008e-04
9.254206092194072752e-04
2.006494887355630974e-04
1.382948274548378986e-04
-1.124121235424130338e-03
8.114520038332573293e-05
4.315482644511869914e-04
6.212198317263606384e-04
-5.262934353295056766e-04
-2.224908902750399875e-04
-8.202553478344754012e-04
9.605812430173443772e-04
1.783015562839551649e-04
2.217694701016625913e-04
-8.118774746925794261e-04
-1.720801620965772827e-04
2.437067832019579328e-04
1.035342219278589937e-03
-3.000935404244842175e-04
-3.438240541981940623e-04
-7.734638476222244208e-04
8.574755120207555592e-04
2.511853415114728705e-04
3.163036283240217017e-04
-8.662058488653201493e-04
-4.009227246797308908e-04
1.477881210689702129e-04
8.225838587350153830e-04
-1.612386256510944804e-04
-3.957265699909839896e-04
-8.212427746911998838e-04
6.147697124276874092e-04
3.980224794304376701e-04
4.194835002095942400e-04
-7.399669522385465825e-04
-2.168172875371965347e-04
9.450723878501321451e-05
8.853475033703261943e-04
9.848353445818247565e-05
-3.659015969219581166e-04
-5.698100877680190024e-04
3.831949177310889354e-04
3.008669452810863731e-04
6.212117773429781664e-04
