1.000661467180496977e+00 1.512778937349302623e+03 1.035854312761698748e+04
1.000874625199627443e+00 1.144336972382390286e+03 8.372149966765478268e+01
1.001890368438753898e+00 5.299926232286848062e+02 1.662279579069762425e+00
1.004118022612652483e+00 2.438326079906359780e+02 1.008822224050613947e+00
1.008995416634073106e+00 1.121664388661041016e+02 1.007783229066103070e+00
1.019763472537263960e+00 5.159761322956399709e+01 1.016985778956447595e+00
1.043985088527239480e+00 2.373442027543713095e+01 1.037691843544432224e+00
1.100849071667058254e+00 1.091533805477524943e+01 1.085831969810451714e+00
1.249102130018016066e+00 5.013945178646647349e+00 1.208326626236700951e+00
1.779724751925237936e+00 2.281852385561866647e+00 1.613754023664684123e+00
1.000889326903549481e+00 1.125438585693286541e+03 1.641049483851249170e+04
1.000814870318517791e+00 1.228178521557278373e+03 1.320554942928621927e+02
