-2.074114750673327224e+72
2.522215429817689485e+72
-2.946026047440910342e+72
3.341465402290861013e+72
-3.704725501652619760e+72
4.032308222701485328e+72
-4.321058990943488255e+72
4.568197151800885257e+72
-4.771342743181667432e+72
4.928539411454222419e+72
-5.038273250301413705e+72
5.099487381098593617e+72
-5.111592134374320781e+72
5.074470734180005856e+72
-4.988480430412485729e+72
4.854449067888543448e+72
-4.673667124844762580e+72
4.447875297109935573e+72
-4.179247747053060092e+72
3.870371178136936146e+72
-3.524219936104111679e+72
3.144127376101976309e+72
-2.733753771047514809e+72
2.297051069892219784e+72
-1.838224844850092854e+72
1.361693793801923448e+72
-8.720471877219311818e+71
3.740006728582325989e+71
1.276491466596186210e+71
-6.280709082709970464e+71
1.122445027354132818e+72
-1.606010122048644383e+72
2.074108879065907159e+72
-2.522232918347733050e+72
2.946066224034019306e+72
-3.341526722983097035e+72
3.704805609924169065e+72
-4.032404040036396025e+72
4.321166835135310729e+72
-4.568312878457804220e+72
4.771461904993150772e+72
-4.928657429098677629e+72
5.038385588426944568e+72
-5.099589722614033303e+72
5.111680546352624266e+72
-5.074541818998431052e+72
4.988531456321328123e+72
-4.854478073990747653e+72
4.673672996452092411e+72
-4.447857808579819821e+72
4.179207570459906403e+72
-3.870309857444691492e+72
3.524139827832590621e+72
-3.144031558767126030e+72
2.733645926855775506e+72
-2.296935343235395763e+72
1.838105683038699747e+72
-1.361575776157541602e+72
8.719348495964448469e+71
-3.738983313428017405e+71
-1.277375586379502550e+71
6.281419930894826602e+71
-1.122496053263059169e+72
1.606039128150942744e+72
