-1.660775892174991100e+02
-3.234141769497192627e+02
-4.239960224395163664e+02
-4.524664631483919379e+02
-4.196472778978949236e+02
-3.544556071013597602e+02
-2.853982487154336241e+02
-2.184581063473033566e+02
-1.377448097231084603e+02
-2.693558982254602086e+01
1.177853303970471046e+02
2.796885833186940999e+02
4.230514913750994310e+02
5.153763074943060474e+02
5.410388303551662830e+02
4.984120337461262125e+02
4.024276207474190983e+02
2.864583285285160059e+02
1.783670463644519941e+02
7.524279173149660949e+01
-3.474402057102171426e+01
-1.389164950450433196e+02
-2.170003069406668885e+02
-2.747470205039559801e+02
-3.393810492024657606e+02
-4.234830810386890789e+02
-5.001948206429412949e+02
-5.248733090311102387e+02
-4.776774946318956268e+02
-3.778369928496146031e+02
-2.671772958017987207e+02
-1.846469044190646400e+02
-1.449114984014688616e+02
-1.325656882640658978e+02
-1.176129896189838178e+02
-7.715133783513161347e+01
-3.015726635776417197e+00
1.004315008152287305e+02
2.181261058211781574e+02
3.287453444859968954e+02
4.171428325259884105e+02
4.831358463332674091e+02
5.340563019705198258e+02
5.766612539686450418e+02
6.199863178487898949e+02
6.751652271235626586e+02
7.458652667790609030e+02
8.264403120054017791e+02
9.040835868749251176e+02
9.562457677373483875e+02
9.551801434637056900e+02
8.851266091165932721e+02
7.623146981360480368e+02
6.358921904769388220e+02
5.553954618673718642e+02
5.294229958088660624e+02
5.186501430237374279e+02
4.732600691609929981e+02
3.786217696433790252e+02
2.604553190904327948e+02
1.438380922704910745e+02
3.258441219822715595e+01
-6.399997866009054093e+01
-1.231434601767766281e+02
-1.355056866022381428e+02
-1.120826064558186062e+02
-6.816171052551372611e+01
-1.946257278150633852e+01
1.619158677754678877e+01
2.738411525663830304e+01
1.704080662393683809e+01
1.806690462267589226e+00
6.213976792728047371e+00
5.238619137043556151e+01
1.472909888013085435e+02
2.728622579436402589e+02
3.895414762577775036e+02
4.555543267403238588e+02
4.540839792052935309e+02
4.077900647024811178e+02
3.587297544030965355e+02
3.400962696369108471e+02
3.626728238642517113e+02
4.088869372435169680e+02
4.489907339960740842e+02
4.696599563361290279e+02
4.784382801745754250e+02
4.806030919651727800e+02
4.612328930758681622e+02
4.014503604711156868e+02
3.105093540546494069e+02
2.265993066294265645e+02
1.851397052815975144e+02
1.932211356342089061e+02
2.311867646394005931e+02
2.725921318054778340e+02
2.975602053501241357e+02
2.898700262254749873e+02
2.357351075735855659e+02
1.415769440463455453e+02
4.638254323085303099e+01
-5.272788038994818294e+00
-1.293425260154918988e+00
3.646416291359903994e+01
7.956757865378169470e+01
1.104997986754642056e+02
1.207367638166381312e+02
1.101690882692667657e+02
8.924705935402381840e+01
6.424526677054379320e+01
2.498283708725682573e+01
-3.282564357982998615e+01
-8.456777764548138521e+01
-9.678440092061360644e+01
-5.648457255648742148e+01
2.164793104990263828e+01
9.924232049845045367e+01
1.340325000331816341e+02
1.108656736597004340e+02
4.942249644531290897e+01
-1.790807393942031922e+01
-6.730504759356347222e+01
-9.106227942847999657e+01
-8.967404386195599386e+01
-6.126337990989387094e+01
-1.022931379174787025e+01
4.167588478609533809e+01
7.033754871939888176e+01
7.459779734743723623e+01
7.099074843084579811e+01
6.318623100526303915e+01
3.482157295323685275e+01
-2.421388142281935529e+01
-9.573373625011785748e+01
-1.400091159845349864e+02
-1.245097715420531301e+02
-5.158476320268739812e+01
4.244544010307056681e+01
1.156545744762986914e+02
1.410689378869735719e+02
1.130618023343114373e+02
4.949260848204710328e+01
-1.742434516894064700e+01
-6.130226798927890286e+01
-8.032675862628377672e+01
-9.106240000449922434e+01
-9.561040382541303018e+01
-7.610165178236555050e+01
-2.450818449263439192e+01
4.403508812258948524e+01
1.054681130184145275e+02
1.412278731516300354e+02
1.383418528057175365e+02
9.069936467183379136e+01
7.761877340727551200e+00
-8.640681280351026317e+01
-1.620217692505130458e+02
-1.882632044050742195e+02
-1.438406354187879401e+02
-4.159599934351501815e+01
6.617183315063520865e+01
1.283200343945878785e+02
1.372665259622653195e+02
1.188681760692103353e+02
9.491849392544021669e+01
6.508336734350996267e+01
1.430969710556017560e+01
-6.129207103721461181e+01
-1.388282353219073286e+02
-1.859758071077812644e+02
-1.821352775730557028e+02
-1.195543184549967748e+02
-8.382638562451631969e+00
1.142024010834101091e+02
2.006564966280452040e+02
2.216449250693207205e+02
1.768685751279748501e+02
8.867428745286542835e+01
-1.327437955496708355e+01
-1.054269121941748040e+02
-1.699567244317747168e+02
-1.904250329346931778e+02
-1.616257410749012706e+02
-1.017775485312319574e+02
-3.858427371631182723e+01
1.998600079526610784e+01
8.679347624719900978e+01
1.634072483095980601e+02
2.222697654736560366e+02
2.254281701901587667e+02
1.525490074363746942e+02
1.873491105573934590e+01
-1.273822365518582416e+02
-2.268138983464780267e+02
-2.457235762369566032e+02
-1.974959292340491572e+02
-1.212423603519451518e+02
-4.073674518756198637e+01
4.014276263077491791e+01
1.121569925311165719e+02
1.599293211837916147e+02
1.795192347328019764e+02
1.766729494037042798e+02
1.522991916941613795e+02
9.851287703389115791e+01
1.344768478185335425e+01
-8.644707631764424605e+01
-1.764120844578072820e+02
-2.339855503910592915e+02
-2.415915066444472359e+02
-1.921948415383466795e+02
-9.265735524930900624e+01
3.125545310444016422e+01
1.348624392930077533e+02
1.804049061013025721e+02
1.703773961123013407e+02
1.431441671896713501e+02
1.298383535815240748e+02
1.260848782600079403e+02
1.044653003895349457e+02
4.151509816809956988e+01
-5.684094870418020662e+01
-1.550011472901107084e+02
-2.197762849534690588e+02
-2.401557900965120211e+02
-2.168631462197144515e+02
-1.562305045140928712e+02
-7.297255833262103408e+01
1.735139678684230091e+01
1.021730406410852794e+02
1.654135261421326391e+02
1.928706294670234627e+02
1.898979263273312199e+02
1.800008240658464729e+02
1.762479164706288657e+02
1.633262614087940392e+02
1.162937343058305686e+02
2.900725376866242300e+01
-8.554854894546184596e+01
-2.077602073373295184e+02
-3.086127697457901036e+02
-3.505121306531039522e+02
-3.126473703456532007e+02
-2.167389724487287026e+02
-1.115025996126685186e+02
-2.734542333650792045e+01
4.287204664036182322e+01
1.203817954687499991e+02
2.113749975117951863e+02
2.987990102417729190e+02
3.549582154637939766e+02
3.652478413351423114e+02
3.348322131731285936e+02
2.686972061882590310e+02
1.607969673013317617e+02
9.113588105420383556e+00
