1.508144236975622388e+00 -7.802180746296342173e-01
3.233166670461927183e-01 -1.832974567987027514e+00
-1.866073911060729618e+00 -1.021060340193996163e+00
-1.741768324360017495e+00 6.246661636776797977e-01
-8.370774502932767369e-01 1.307088937801032191e+00
1.279042029113491186e+00 2.437814449635244074e+00
1.920152417369617392e+00 -4.358385331268102014e-01
1.213232442637875108e+00 -9.878139211596923541e-01
-4.129160471108115349e-01 -2.526903444445143254e+00
-2.008340782580519068e+00 3.290706586639478154e-02
-1.504973981007096118e+00 7.844444232353895430e-01
-3.137690988889276222e-01 1.844026957531869293e+00
